0.0957808 0.112577 0.0977804 0.0985803 0.106979 0.0867826 0.10018 0.109978 0.0923815 0.0989802
2.08768e-07 2.08768e-07 2.08768e-07 2.08768e-07 2.08768e-07 2.08768e-07 2.08768e-07 2.08768e-07 2.08768e-07 2.08768e-07 2.08768e-07 2.08768e-07 2.08768e-07 2.08768e-07 2.08768e-07 2.08768e-07 2.08768e-07 2.08768e-07 2.08768e-07 2.08768e-07 2.08768e-07 2.08768e-07 2.08768e-07 2.08768e-07 2.08768e-07 2.08768e-07 2.08768e-07 2.08768e-07
2.08768e-07 2.08768e-07 2.08768e-07 2.08768e-07 2.08768e-07 2.08768e-07 2.08768e-07 2.08768e-07 2.08768e-07 2.08768e-07 2.08768e-07 2.08768e-07 2.08768e-07 2.08768e-07 2.08768e-07 2.08768e-07 2.08768e-07 2.08768e-07 2.08768e-07 2.08768e-07 2.08768e-07 2.08768e-07 2.08768e-07 2.08768e-07 2.08768e-07 2.08768e-07 2.08768e-07 2.08768e-07
2.08768e-07 2.08768e-07 2.08768e-07 2.08768e-07 2.08768e-07 2.08768e-07 2.08768e-07 2.08768e-07 2.08768e-07 2.08768e-07 2.08768e-07 2.08768e-07 2.08768e-07 2.08768e-07 2.08768e-07 2.08768e-07 2.08768e-07 2.08768e-07 2.08768e-07 2.08768e-07 2.08768e-07 2.08768e-07 2.08768e-07 2.08768e-07 2.08768e-07 2.08768e-07 2.08768e-07 2.08768e-07
2.08768e-07 2.08768e-07 2.08768e-07 2.08768e-07 2.08768e-07 2.08768e-07 2.08768e-07 2.08768e-07 2.08768e-07 2.08768e-07 0.00208789 0.00835094 0.014614 0.0229647 0.0292278 0.0313154 0.0292278 0.0313154 0.0250524 0.0125263 0.00835094 0.00208789 2.08768e-07 2.08768e-07 2.08768e-07 2.08768e-07 2.08768e-07 2.08768e-07
2.08768e-07 2.08768e-07 2.08768e-07 2.08768e-07 2.08768e-07 2.08768e-07 2.08768e-07 0.00208789 0.00835094 0.0229647 0.0501046 0.121086 0.208768 0.286013 0.36952 0.421712 0.411274 0.419624 0.356994 0.275574 0.175365 0.110647 0.0626307 0.0229647 0.00417557 2.08768e-07 2.08768e-07 2.08768e-07
2.08768e-07 2.08768e-07 2.08768e-07 2.08768e-07 2.08768e-07 2.08768e-07 0.00208789 0.00626325 0.0271401 0.0814198 0.183716 0.271399 0.407098 0.559499 0.678497 0.759916 0.776618 0.753653 0.638831 0.519833 0.356994 0.248434 0.127349 0.0542799 0.00835094 2.08768e-07 2.08768e-07 2.08768e-07
2.08768e-07 2.08768e-07 2.08768e-07 2.08768e-07 0.00417557 0.00417557 0.00626325 0.0229647 0.0688937 0.187892 0.31524 0.436326 0.586639 0.722338 0.810021 0.878914 0.897703 0.88309 0.807933 0.699374 0.549061 0.36952 0.22547 0.0939459 0.0187893 2.08768e-07 2.08768e-07 2.08768e-07
2.08768e-07 2.08768e-07 2.08768e-07 2.08768e-07 0.00208789 0.00417557 0.0125263 0.0584553 0.173278 0.304802 0.436326 0.60334 0.757829 0.860125 0.872651 0.893528 0.889353 0.908142 0.878914 0.822547 0.707724 0.511482 0.298539 0.141963 0.0375785 2.08768e-07 2.08768e-07 2.08768e-07
2.08768e-07 2.08768e-07 2.08768e-07 2.08768e-07 0.00208789 0.00835094 0.0417538 0.110647 0.254697 0.407098 0.615866 0.732777 0.818371 0.841336 0.812108 0.787056 0.757829 0.797495 0.822547 0.85595 0.759916 0.651357 0.430063 0.196242 0.0688937 2.08768e-07 2.08768e-07 2.08768e-07
2.08768e-07 2.08768e-07 2.08768e-07 2.08768e-07 0.00208789 0.020877 0.0876828 0.22547 0.363257 0.569937 0.741127 0.814196 0.810021 0.74739 0.670146 0.605428 0.574113 0.59499 0.695198 0.805845 0.810021 0.703549 0.536534 0.302714 0.0793321 2.08768e-07 2.08768e-07 2.08768e-07
2.08768e-07 2.08768e-07 2.08768e-07 2.08768e-07 0.00208789 0.0563676 0.152401 0.319416 0.509395 0.705637 0.818371 0.822547 0.732777 0.624217 0.507307 0.388309 0.346555 0.411274 0.530271 0.695198 0.807933 0.766179 0.63048 0.388309 0.106472 2.08768e-07 2.08768e-07 2.08768e-07
2.08768e-07 2.08768e-07 2.08768e-07 2.08768e-07 0.00835094 0.0981213 0.256785 0.442589 0.643006 0.795407 0.807933 0.730689 0.607516 0.448852 0.334029 0.223382 0.185804 0.235908 0.411274 0.611691 0.784969 0.80167 0.674321 0.4238 0.148226 0.00417557 0.00208789 2.08768e-07
2.08768e-07 2.08768e-07 2.08768e-07 2.08768e-07 0.014614 0.177453 0.363257 0.563674 0.766179 0.82881 0.755741 0.613779 0.440501 0.281837 0.141963 0.0814198 0.0814198 0.164927 0.306889 0.544885 0.753653 0.797495 0.701461 0.461378 0.169102 0.00626325 0.00208789 2.08768e-07
2.08768e-07 2.08768e-07 0.00208789 2.08768e-07 0.0375785 0.235908 0.455115 0.674321 0.820459 0.812108 0.672234 0.498956 0.286013 0.152401 0.066806 0.0396662 0.0438415 0.131524 0.292276 0.498956 0.73904 0.803758 0.68476 0.473904 0.189979 0.00417557 0.00208789 2.08768e-07
2.08768e-07 2.08768e-07 2.08768e-07 2.08768e-07 0.060543 0.327766 0.572025 0.772442 0.830898 0.751566 0.561587 0.354906 0.17119 0.0688937 0.0271401 0.0167017 0.0396662 0.156576 0.308977 0.534447 0.734864 0.776618 0.674321 0.45929 0.185804 0.00208789 2.08768e-07 2.08768e-07
2.08768e-07 2.08768e-07 2.08768e-07 0.00208789 0.0814198 0.39666 0.643006 0.812108 0.816284 0.699374 0.457203 0.242171 0.0918582 0.0334031 0.00417557 0.014614 0.060543 0.196242 0.384134 0.590814 0.749478 0.755741 0.624217 0.419624 0.169102 0.00208789 2.08768e-07 2.08768e-07
2.08768e-07 2.08768e-07 2.08768e-07 0.00208789 0.11691 0.444676 0.699374 0.845511 0.810021 0.624217 0.365345 0.146138 0.066806 0.0167017 0.0104386 0.0521923 0.133612 0.292276 0.498956 0.65762 0.762004 0.716075 0.563674 0.348643 0.137787 0.00208789 2.08768e-07 2.08768e-07
2.08768e-07 2.08768e-07 2.08768e-07 2.08768e-07 0.156576 0.480167 0.730689 0.845511 0.793319 0.592902 0.336117 0.139875 0.0709814 0.0375785 0.0626307 0.121086 0.256785 0.469729 0.622129 0.741127 0.772442 0.645094 0.45929 0.273487 0.100209 2.08768e-07 2.08768e-07 2.08768e-07
2.08768e-07 2.08768e-07 2.08768e-07 0.00208789 0.167015 0.480167 0.730689 0.853862 0.805845 0.580376 0.354906 0.200418 0.141963 0.131524 0.181629 0.302714 0.478079 0.63048 0.722338 0.784969 0.697286 0.536534 0.363257 0.183716 0.0709814 0.00208789 2.08768e-07 2.08768e-07
2.08768e-07 2.08768e-07 2.08768e-07 0.00417557 0.154489 0.434238 0.701461 0.847599 0.807933 0.697286 0.526096 0.356994 0.317328 0.331942 0.409186 0.549061 0.659708 0.762004 0.807933 0.741127 0.601253 0.407098 0.248434 0.0981213 0.0334031 0.00208789 2.08768e-07 2.08768e-07
2.08768e-07 2.08768e-07 2.08768e-07 0.00417557 0.123173 0.373695 0.611691 0.810021 0.868476 0.82881 0.764092 0.65762 0.63048 0.647182 0.695198 0.759916 0.812108 0.839248 0.776618 0.59499 0.421712 0.294363 0.131524 0.0501046 0.0104386 0.00208789 0.00208789 2.08768e-07
2.08768e-07 2.08768e-07 2.08768e-07 0.00208789 0.0835075 0.265136 0.507307 0.718163 0.853862 0.903966 0.906054 0.899791 0.860125 0.837161 0.849687 0.878914 0.8643 0.764092 0.597077 0.43215 0.275574 0.131524 0.0626307 0.0167017 0.00417557 0.00208789 0.00208789 2.08768e-07
2.08768e-07 2.08768e-07 2.08768e-07 0.00208789 0.0459292 0.169102 0.340292 0.546973 0.707724 0.832985 0.901879 0.922756 0.920668 0.903966 0.874739 0.820459 0.674321 0.534447 0.367432 0.231733 0.137787 0.0647183 0.0187893 0.00417557 2.08768e-07 0.00208789 0.00208789 2.08768e-07
2.08768e-07 2.08768e-07 2.08768e-07 2.08768e-07 0.00626325 0.060543 0.148226 0.2881 0.45929 0.611691 0.734864 0.772442 0.770355 0.741127 0.659708 0.534447 0.39666 0.244259 0.148226 0.0855952 0.0334031 0.014614 0.00626325 0.00208789 2.08768e-07 2.08768e-07 2.08768e-07 2.08768e-07
2.08768e-07 2.08768e-07 2.08768e-07 2.08768e-07 0.00417557 0.00417557 0.0167017 0.0313154 0.0688937 0.121086 0.156576 0.192067 0.202505 0.189979 0.17119 0.139875 0.0855952 0.0521923 0.0271401 0.0125263 0.00417557 0.00417557 0.00208789 2.08768e-07 2.08768e-07 2.08768e-07 2.08768e-07 2.08768e-07
2.08768e-07 2.08768e-07 2.08768e-07 2.08768e-07 2.08768e-07 2.08768e-07 2.08768e-07 2.08768e-07 2.08768e-07 0.00208789 0.00417557 0.00626325 0.00626325 0.00626325 0.00417557 0.00417557 2.08768e-07 2.08768e-07 2.08768e-07 2.08768e-07 2.08768e-07 2.08768e-07 2.08768e-07 2.08768e-07 2.08768e-07 2.08768e-07 2.08768e-07 2.08768e-07
2.08768e-07 2.08768e-07 2.08768e-07 2.08768e-07 2.08768e-07 2.08768e-07 2.08768e-07 2.08768e-07 2.08768e-07 2.08768e-07 2.08768e-07 2.08768e-07 2.08768e-07 2.08768e-07 2.08768e-07 2.08768e-07 2.08768e-07 2.08768e-07 2.08768e-07 2.08768e-07 2.08768e-07 2.08768e-07 2.08768e-07 2.08768e-07 2.08768e-07 2.08768e-07 2.08768e-07 2.08768e-07
2.08768e-07 2.08768e-07 2.08768e-07 2.08768e-07 2.08768e-07 2.08768e-07 2.08768e-07 2.08768e-07 2.08768e-07 2.08768e-07 2.08768e-07 2.08768e-07 2.08768e-07 2.08768e-07 2.08768e-07 2.08768e-07 2.08768e-07 2.08768e-07 2.08768e-07 2.08768e-07 2.08768e-07 2.08768e-07 2.08768e-07 2.08768e-07 2.08768e-07 2.08768e-07 2.08768e-07 2.08768e-07
1.7762e-07 1.7762e-07 1.7762e-07 1.7762e-07 1.7762e-07 1.7762e-07 1.7762e-07 1.7762e-07 1.7762e-07 1.7762e-07 1.7762e-07 1.7762e-07 1.7762e-07 1.7762e-07 1.7762e-07 1.7762e-07 1.7762e-07 1.7762e-07 1.7762e-07 1.7762e-07 1.7762e-07 1.7762e-07 1.7762e-07 1.7762e-07 1.7762e-07 1.7762e-07 1.7762e-07 1.7762e-07
1.7762e-07 1.7762e-07 1.7762e-07 1.7762e-07 1.7762e-07 1.7762e-07 1.7762e-07 1.7762e-07 1.7762e-07 1.7762e-07 1.7762e-07 1.7762e-07 1.7762e-07 1.7762e-07 1.7762e-07 1.7762e-07 1.7762e-07 1.7762e-07 1.7762e-07 1.7762e-07 1.7762e-07 1.7762e-07 1.7762e-07 1.7762e-07 1.7762e-07 1.7762e-07 1.7762e-07 1.7762e-07
1.7762e-07 1.7762e-07 1.7762e-07 1.7762e-07 1.7762e-07 1.7762e-07 1.7762e-07 1.7762e-07 1.7762e-07 1.7762e-07 1.7762e-07 1.7762e-07 1.7762e-07 1.7762e-07 1.7762e-07 1.7762e-07 1.7762e-07 1.7762e-07 1.7762e-07 1.7762e-07 1.7762e-07 1.7762e-07 1.7762e-07 1.7762e-07 1.7762e-07 1.7762e-07 1.7762e-07 1.7762e-07
1.7762e-07 1.7762e-07 1.7762e-07 1.7762e-07 1.7762e-07 1.7762e-07 1.7762e-07 1.7762e-07 1.7762e-07 1.7762e-07 1.7762e-07 0.00177638 0.00177638 0.0124336 0.0106574 0.0177622 0.0106574 0.00888117 0.00888117 0.00532877 0.00355257 0.00355257 1.7762e-07 1.7762e-07 1.7762e-07 1.7762e-07 1.7762e-07 1.7762e-07
1.7762e-07 1.7762e-07 1.7762e-07 1.7762e-07 0.00177638 1.7762e-07 1.7762e-07 0.00177638 0.00177638 0.00355257 0.015986 0.0390765 0.0888101 0.174068 0.22913 0.248668 0.227354 0.246892 0.248668 0.211368 0.138544 0.0639433 0.024867 0.00355257 0.00177638 1.7762e-07 1.7762e-07 1.7762e-07
1.7762e-07 1.7762e-07 0.00177638 0.00177638 1.7762e-07 1.7762e-07 0.00355257 0.00532877 0.00532877 0.00710497 0.0284194 0.0692719 0.143872 0.287744 0.383659 0.44405 0.470693 0.46714 0.44405 0.369449 0.216696 0.108348 0.0408527 0.00888117 0.00355257 1.7762e-07 0.00177638 1.7762e-07
1.7762e-07 1.7762e-07 1.7762e-07 1.7762e-07 1.7762e-07 1.7762e-07 0.00355257 0.00532877 0.00888117 0.00888117 0.0355241 0.0746005 0.159858 0.312611 0.463588 0.527531 0.573712 0.548845 0.488455 0.385435 0.218473 0.10302 0.0319717 0.00710497 0.00355257 1.7762e-07 1.7762e-07 1.7762e-07
1.7762e-07 1.7762e-07 1.7762e-07 0.00177638 0.00177638 0.00177638 0.00532877 0.00710497 0.00888117 0.0106574 0.0284194 0.0728243 0.172291 0.34103 0.513321 0.623446 0.655417 0.595027 0.493783 0.349911 0.174068 0.0657195 0.0195384 0.00532877 1.7762e-07 1.7762e-07 1.7762e-07 1.7762e-07
1.7762e-07 1.7762e-07 1.7762e-07 0.00177638 0.00177638 1.7762e-07 0.00177638 0.00532877 0.00888117 0.0106574 0.0230908 0.0746005 0.182949 0.362345 0.577265 0.724689 0.740675 0.591474 0.474245 0.277087 0.10302 0.0355241 0.0124336 1.7762e-07 1.7762e-07 1.7762e-07 1.7762e-07 1.7762e-07
1.7762e-07 0.00177638 1.7762e-07 0.00177638 1.7762e-07 1.7762e-07 0.00177638 0.00355257 0.00710497 0.0124336 0.0213146 0.0710481 0.181172 0.403197 0.666075 0.841918 0.765542 0.577265 0.394316 0.206039 0.0568385 0.00888117 0.00177638 1.7762e-07 1.7762e-07 1.7762e-07 1.7762e-07 1.7762e-07
1.7762e-07 0.00177638 1.7762e-07 1.7762e-07 1.7762e-07 1.7762e-07 0.00177638 0.00177638 0.00710497 0.0142098 0.0177622 0.0621671 0.188277 0.465364 0.799289 0.925399 0.777975 0.531083 0.310835 0.113677 0.0213146 0.00355257 1.7762e-07 1.7762e-07 1.7762e-07 0.00177638 1.7762e-07 1.7762e-07
1.7762e-07 1.7762e-07 1.7762e-07 1.7762e-07 1.7762e-07 1.7762e-07 0.00177638 0.00710497 0.00888117 0.0106574 0.0177622 0.0426289 0.200711 0.582593 0.91119 0.953819 0.763765 0.465364 0.200711 0.0373003 0.00355257 0.00177638 1.7762e-07 1.7762e-07 1.7762e-07 0.00177638 1.7762e-07 1.7762e-07
1.7762e-07 1.7762e-07 1.7762e-07 1.7762e-07 1.7762e-07 1.7762e-07 0.00532877 0.00532877 0.00710497 0.0106574 0.0124336 0.0355241 0.243339 0.73357 0.980462 0.966252 0.74778 0.367673 0.0994673 0.0142098 1.7762e-07 0.00177638 1.7762e-07 1.7762e-07 1.7762e-07 1.7762e-07 1.7762e-07 1.7762e-07
1.7762e-07 1.7762e-07 1.7762e-07 1.7762e-07 1.7762e-07 0.00177638 0.00355257 0.00355257 0.00532877 0.00888117 0.00888117 0.0479575 0.360568 0.893428 0.991119 0.968028 0.687389 0.234458 0.0408527 0.00177638 1.7762e-07 1.7762e-07 1.7762e-07 1.7762e-07 1.7762e-07 1.7762e-07 1.7762e-07 1.7762e-07
1.7762e-07 1.7762e-07 1.7762e-07 1.7762e-07 1.7762e-07 0.00355257 0.00177638 1.7762e-07 0.00177638 0.00532877 0.0177622 0.104796 0.516874 0.955595 0.996447 0.944938 0.506217 0.111901 0.0142098 0.00177638 0.00177638 0.00177638 1.7762e-07 1.7762e-07 1.7762e-07 0.00177638 0.00177638 1.7762e-07
1.7762e-07 1.7762e-07 1.7762e-07 1.7762e-07 1.7762e-07 1.7762e-07 1.7762e-07 0.00355257 0.00355257 0.00532877 0.0284194 0.21492 0.65897 0.960923 0.996447 0.893428 0.364121 0.0621671 0.0106574 0.00177638 0.00177638 0.00177638 1.7762e-07 1.7762e-07 1.7762e-07 1.7762e-07 1.7762e-07 1.7762e-07
1.7762e-07 1.7762e-07 1.7762e-07 1.7762e-07 0.00177638 0.00177638 0.00355257 0.00355257 0.00355257 0.0124336 0.0923625 0.35524 0.71936 0.960923 0.978685 0.774423 0.253997 0.0408527 0.00710497 0.00710497 1.7762e-07 1.7762e-07 1.7762e-07 1.7762e-07 1.7762e-07 1.7762e-07 1.7762e-07 1.7762e-07
1.7762e-07 1.7762e-07 1.7762e-07 1.7762e-07 0.00177638 0.00355257 0.00355257 0.00355257 0.0106574 0.0497337 0.220249 0.46714 0.746003 0.952042 0.905861 0.564831 0.211368 0.0373003 0.0124336 0.0106574 0.00177638 1.7762e-07 1.7762e-07 1.7762e-07 1.7762e-07 1.7762e-07 0.00177638 1.7762e-07
1.7762e-07 1.7762e-07 1.7762e-07 1.7762e-07 1.7762e-07 1.7762e-07 0.00355257 0.00710497 0.0266432 0.120782 0.319716 0.543517 0.769094 0.912966 0.799289 0.442274 0.204263 0.0550623 0.0195384 0.015986 0.00888117 0.00532877 0.00177638 0.00177638 0.00177638 1.7762e-07 0.00177638 0.00355257
1.7762e-07 1.7762e-07 1.7762e-07 1.7762e-07 1.7762e-07 0.00177638 0.00177638 0.015986 0.0763767 0.22913 0.403197 0.59325 0.753108 0.831261 0.650089 0.401421 0.204263 0.0515099 0.0284194 0.0177622 0.0142098 0.00888117 0.00355257 0.00355257 0.00355257 0.00177638 1.7762e-07 0.00355257
1.7762e-07 1.7762e-07 1.7762e-07 0.00177638 0.00177638 0.00355257 0.015986 0.0532861 0.156306 0.314387 0.468917 0.600355 0.715808 0.714032 0.550622 0.371226 0.218473 0.0657195 0.0301955 0.0195384 0.0124336 0.0124336 0.00532877 0.00355257 0.00532877 0.00532877 1.7762e-07 1.7762e-07
1.7762e-07 1.7762e-07 1.7762e-07 0.00177638 0.00177638 0.00355257 0.0301955 0.0852577 0.220249 0.374778 0.49556 0.598579 0.653641 0.618117 0.474245 0.349911 0.227354 0.0905863 0.0355241 0.0142098 0.0124336 0.00710497 0.00355257 0.00177638 0.00355257 0.00177638 0.00177638 1.7762e-07
1.7762e-07 1.7762e-07 1.7762e-07 0.00177638 0.00177638 0.00888117 0.0319717 0.122558 0.26643 0.399645 0.499112 0.545293 0.564831 0.525755 0.454707 0.339254 0.21492 0.0923625 0.0390765 0.0142098 0.00888117 0.00355257 0.00177638 0.00177638 0.00177638 0.00177638 1.7762e-07 1.7762e-07
1.7762e-07 1.7762e-07 1.7762e-07 1.7762e-07 0.00177638 0.0124336 0.0319717 0.108348 0.243339 0.374778 0.44405 0.436945 0.438721 0.431616 0.401421 0.287744 0.182949 0.0870339 0.0319717 0.0124336 0.00710497 0.00177638 1.7762e-07 1.7762e-07 1.7762e-07 1.7762e-07 1.7762e-07 1.7762e-07
1.7762e-07 1.7762e-07 1.7762e-07 1.7762e-07 1.7762e-07 0.00355257 0.0106574 0.0301955 0.0710481 0.113677 0.142096 0.14032 0.133215 0.136767 0.131439 0.0941387 0.0515099 0.0266432 0.00888117 0.00355257 0.00177638 1.7762e-07 1.7762e-07 1.7762e-07 1.7762e-07 1.7762e-07 1.7762e-07 1.7762e-07
1.7762e-07 1.7762e-07 1.7762e-07 1.7762e-07 1.7762e-07 1.7762e-07 1.7762e-07 1.7762e-07 0.00177638 0.00532877 0.00532877 0.00355257 0.00177638 0.00532877 0.00532877 0.00177638 1.7762e-07 1.7762e-07 1.7762e-07 1.7762e-07 1.7762e-07 1.7762e-07 1.7762e-07 1.7762e-07 1.7762e-07 1.7762e-07 1.7762e-07 1.7762e-07
1.7762e-07 1.7762e-07 1.7762e-07 1.7762e-07 1.7762e-07 1.7762e-07 1.7762e-07 1.7762e-07 1.7762e-07 1.7762e-07 1.7762e-07 1.7762e-07 1.7762e-07 1.7762e-07 1.7762e-07 1.7762e-07 1.7762e-07 1.7762e-07 1.7762e-07 1.7762e-07 1.7762e-07 1.7762e-07 1.7762e-07 1.7762e-07 1.7762e-07 1.7762e-07 1.7762e-07 1.7762e-07
1.7762e-07 1.7762e-07 1.7762e-07 1.7762e-07 1.7762e-07 1.7762e-07 1.7762e-07 1.7762e-07 1.7762e-07 1.7762e-07 1.7762e-07 1.7762e-07 1.7762e-07 1.7762e-07 1.7762e-07 1.7762e-07 1.7762e-07 1.7762e-07 1.7762e-07 1.7762e-07 1.7762e-07 1.7762e-07 1.7762e-07 1.7762e-07 1.7762e-07 1.7762e-07 1.7762e-07 1.7762e-07
2.04499e-07 2.04499e-07 2.04499e-07 2.04499e-07 2.04499e-07 2.04499e-07 2.04499e-07 2.04499e-07 2.04499e-07 2.04499e-07 2.04499e-07 2.04499e-07 2.04499e-07 2.04499e-07 2.04499e-07 2.04499e-07 2.04499e-07 2.04499e-07 2.04499e-07 2.04499e-07 2.04499e-07 2.04499e-07 2.04499e-07 2.04499e-07 2.04499e-07 2.04499e-07 2.04499e-07 2.04499e-07
2.04499e-07 2.04499e-07 2.04499e-07 2.04499e-07 2.04499e-07 2.04499e-07 2.04499e-07 2.04499e-07 2.04499e-07 2.04499e-07 2.04499e-07 2.04499e-07 2.04499e-07 2.04499e-07 2.04499e-07 0.00409018 0.00409018 0.00204519 2.04499e-07 2.04499e-07 2.04499e-07 2.04499e-07 2.04499e-07 2.04499e-07 2.04499e-07 2.04499e-07 2.04499e-07 2.04499e-07
2.04499e-07 2.04499e-07 2.04499e-07 2.04499e-07 2.04499e-07 2.04499e-07 2.04499e-07 0.00204519 0.00204519 0.00409018 0.00613517 0.00818016 0.0204501 0.0224951 0.0224951 0.0224951 0.0184051 0.0204501 0.0102251 0.00613517 2.04499e-07 2.04499e-07 2.04499e-07 0.00204519 0.00204519 2.04499e-07 2.04499e-07 2.04499e-07
2.04499e-07 2.04499e-07 2.04499e-07 2.04499e-07 2.04499e-07 0.00204519 0.0102251 0.0224951 0.0409 0.0756648 0.108385 0.161554 0.204499 0.239264 0.261759 0.276074 0.224949 0.177914 0.1227 0.0777098 0.038855 0.0184051 0.00613517 0.00204519 0.00204519 2.04499e-07 2.04499e-07 2.04499e-07
2.04499e-07 2.04499e-07 2.04499e-07 2.04499e-07 2.04499e-07 0.0163601 0.038855 0.0633949 0.1227 0.214724 0.286299 0.384458 0.480573 0.554192 0.591002 0.588957 0.556237 0.474438 0.347648 0.229039 0.134969 0.0838448 0.030675 0.00204519 0.00204519 0.00204519 2.04499e-07 2.04499e-07
2.04499e-07 2.04499e-07 2.04499e-07 2.04499e-07 0.00613517 0.034765 0.0695298 0.134969 0.235174 0.335378 0.456033 0.568507 0.658487 0.734151 0.762781 0.779141 0.736196 0.676892 0.550102 0.398773 0.271984 0.161554 0.0756648 0.0184051 0.00204519 0.00204519 2.04499e-07 2.04499e-07
2.04499e-07 2.04499e-07 2.04499e-07 0.00204519 0.0102251 0.04499 0.0940697 0.179959 0.306749 0.435583 0.550102 0.642127 0.699386 0.734151 0.764826 0.766871 0.770961 0.748466 0.660532 0.519427 0.351738 0.239264 0.11861 0.030675 0.00204519 2.04499e-07 2.04499e-07 2.04499e-07
2.04499e-07 2.04499e-07 0.00204519 0.00409018 0.0245401 0.0654399 0.124745 0.206544 0.325153 0.437628 0.541922 0.603272 0.635992 0.627812 0.593047 0.629857 0.662577 0.711656 0.652352 0.554192 0.431493 0.267894 0.153374 0.0511249 0.00204519 2.04499e-07 2.04499e-07 2.04499e-07
2.04499e-07 2.04499e-07 0.00204519 0.00409018 0.0265851 0.0715748 0.108385 0.198364 0.278119 0.370143 0.425358 0.437628 0.433538 0.431493 0.425358 0.462168 0.537832 0.635992 0.648262 0.593047 0.468303 0.306749 0.167689 0.0531699 2.04499e-07 2.04499e-07 2.04499e-07 2.04499e-07
2.04499e-07 2.04499e-07 0.00204519 0.00409018 0.0265851 0.0674848 0.108385 0.155419 0.194274 0.249489 0.294479 0.302659 0.304704 0.282209 0.294479 0.361963 0.484663 0.599182 0.635992 0.591002 0.472393 0.294479 0.173824 0.0531699 0.00613517 2.04499e-07 2.04499e-07 2.04499e-07
2.04499e-07 2.04499e-07 2.04499e-07 2.04499e-07 0.0122701 0.0409 0.0756648 0.0940697 0.128835 0.159509 0.167689 0.173824 0.159509 0.139059 0.224949 0.321063 0.466258 0.593047 0.625767 0.580777 0.472393 0.282209 0.163599 0.0490799 0.00613517 0.00204519 2.04499e-07 2.04499e-07
2.04499e-07 2.04499e-07 2.04499e-07 2.04499e-07 0.0143151 0.030675 0.03681 0.0531699 0.0633949 0.0777098 0.0920247 0.0961147 0.10225 0.124745 0.222904 0.351738 0.498978 0.605317 0.646217 0.566462 0.439673 0.267894 0.139059 0.03272 0.0122701 0.00613517 2.04499e-07 2.04499e-07
2.04499e-07 2.04499e-07 2.04499e-07 0.00204519 0.00613517 0.0143151 0.0245401 0.034765 0.0490799 0.0633949 0.0838448 0.0838448 0.11043 0.190184 0.298569 0.425358 0.560327 0.646217 0.638037 0.539877 0.388548 0.226994 0.11452 0.03272 0.0163601 0.0102251 0.00204519 2.04499e-07
2.04499e-07 2.04499e-07 2.04499e-07 0.00204519 0.00409018 0.0163601 0.0265851 0.0490799 0.0797548 0.10634 0.132924 0.192229 0.245399 0.327198 0.431493 0.548057 0.652352 0.687116 0.623722 0.503067 0.325153 0.186094 0.0879347 0.038855 0.0204501 0.00818016 0.00204519 2.04499e-07
2.04499e-07 2.04499e-07 2.04499e-07 0.00204519 0.0143151 0.03272 0.0572599 0.11861 0.204499 0.290389 0.333333 0.413088 0.501022 0.586912 0.633947 0.703476 0.717791 0.691206 0.578732 0.453988 0.271984 0.169734 0.0838448 0.0552149 0.03272 0.00613517 0.00204519 2.04499e-07
2.04499e-07 2.04499e-07 2.04499e-07 0.00409018 0.0204501 0.0838448 0.165644 0.288344 0.390593 0.466258 0.546012 0.633947 0.713701 0.779141 0.787321 0.783231 0.736196 0.672802 0.556237 0.421268 0.294479 0.188139 0.12679 0.0858897 0.0552149 0.0184051 0.00613517 2.04499e-07
2.04499e-07 2.04499e-07 2.04499e-07 0.0163601 0.0572599 0.167689 0.296524 0.433538 0.541922 0.625767 0.683027 0.777096 0.832311 0.846626 0.850716 0.805726 0.746421 0.656442 0.552147 0.445808 0.327198 0.253579 0.204499 0.141104 0.0961147 0.042945 0.00818016 2.04499e-07
2.04499e-07 2.04499e-07 2.04499e-07 0.0265851 0.112475 0.267894 0.429448 0.546012 0.621677 0.674847 0.734151 0.766871 0.809816 0.840491 0.820041 0.781186 0.748466 0.662577 0.613497 0.501022 0.421268 0.364008 0.292434 0.210634 0.151329 0.0674848 0.0122701 0.00204519
2.04499e-07 2.04499e-07 2.04499e-07 0.047035 0.155419 0.337423 0.501022 0.613497 0.672802 0.715746 0.738241 0.758691 0.811861 0.817996 0.791411 0.766871 0.713701 0.674847 0.609407 0.568507 0.492843 0.408998 0.357873 0.274029 0.171779 0.0674848 0.0102251 0.00204519
2.04499e-07 2.04499e-07 0.00204519 0.0531699 0.198364 0.368098 0.548057 0.640082 0.695296 0.752556 0.773006 0.826176 0.813906 0.799591 0.785276 0.699386 0.664622 0.617587 0.597137 0.562372 0.507157 0.458078 0.349693 0.249489 0.167689 0.0552149 0.00613517 2.04499e-07
2.04499e-07 2.04499e-07 0.00204519 0.0572599 0.194274 0.366053 0.527607 0.644172 0.744376 0.785276 0.820041 0.830266 0.801636 0.738241 0.648262 0.582822 0.564417 0.558282 0.539877 0.527607 0.498978 0.402863 0.314929 0.226994 0.132924 0.042945 0.00409018 2.04499e-07
2.04499e-07 2.04499e-07 0.00204519 0.042945 0.155419 0.298569 0.443763 0.574642 0.656442 0.742331 0.752556 0.723926 0.652352 0.574642 0.474438 0.411043 0.392638 0.404908 0.404908 0.421268 0.382413 0.325153 0.224949 0.151329 0.0838448 0.0265851 0.00409018 2.04499e-07
2.04499e-07 2.04499e-07 2.04499e-07 0.0163601 0.0715748 0.186094 0.292434 0.421268 0.496933 0.556237 0.562372 0.523517 0.443763 0.357873 0.292434 0.257669 0.239264 0.249489 0.255624 0.241309 0.224949 0.186094 0.130879 0.0736198 0.047035 0.0163601 0.00409018 2.04499e-07
2.04499e-07 2.04499e-07 2.04499e-07 0.00613517 0.0265851 0.0633949 0.11043 0.155419 0.184049 0.206544 0.210634 0.196319 0.167689 0.128835 0.10225 0.10225 0.104295 0.104295 0.108385 0.0879347 0.0797548 0.0613499 0.042945 0.0224951 0.00818016 0.00409018 0.00204519 2.04499e-07
2.04499e-07 2.04499e-07 2.04499e-07 0.00204519 0.00613517 0.00818016 0.0204501 0.0265851 0.0224951 0.0204501 0.0265851 0.0245401 0.0245401 0.0224951 0.0224951 0.0224951 0.0224951 0.0184051 0.0163601 0.0204501 0.0163601 0.0122701 0.00818016 0.00613517 2.04499e-07 2.04499e-07 2.04499e-07 2.04499e-07
2.04499e-07 2.04499e-07 2.04499e-07 2.04499e-07 2.04499e-07 2.04499e-07 2.04499e-07 2.04499e-07 2.04499e-07 2.04499e-07 2.04499e-07 2.04499e-07 2.04499e-07 2.04499e-07 2.04499e-07 2.04499e-07 2.04499e-07 0.00204519 0.00204519 0.00204519 0.00204519 2.04499e-07 2.04499e-07 2.04499e-07 2.04499e-07 2.04499e-07 2.04499e-07 2.04499e-07
2.04499e-07 2.04499e-07 2.04499e-07 2.04499e-07 2.04499e-07 2.04499e-07 2.04499e-07 2.04499e-07 2.04499e-07 2.04499e-07 2.04499e-07 2.04499e-07 2.04499e-07 2.04499e-07 2.04499e-07 2.04499e-07 2.04499e-07 2.04499e-07 2.04499e-07 2.04499e-07 2.04499e-07 2.04499e-07 2.04499e-07 2.04499e-07 2.04499e-07 2.04499e-07 2.04499e-07 2.04499e-07
2.04499e-07 2.04499e-07 2.04499e-07 2.04499e-07 2.04499e-07 2.04499e-07 2.04499e-07 2.04499e-07 2.04499e-07 2.04499e-07 2.04499e-07 2.04499e-07 2.04499e-07 2.04499e-07 2.04499e-07 2.04499e-07 2.04499e-07 2.04499e-07 2.04499e-07 2.04499e-07 2.04499e-07 2.04499e-07 2.04499e-07 2.04499e-07 2.04499e-07 2.04499e-07 2.04499e-07 2.04499e-07
2.0284e-07 2.0284e-07 2.0284e-07 2.0284e-07 2.0284e-07 2.0284e-07 2.0284e-07 2.0284e-07 2.0284e-07 2.0284e-07 2.0284e-07 2.0284e-07 2.0284e-07 2.0284e-07 2.0284e-07 2.0284e-07 2.0284e-07 2.0284e-07 2.0284e-07 2.0284e-07 2.0284e-07 2.0284e-07 2.0284e-07 2.0284e-07 2.0284e-07 2.0284e-07 2.0284e-07 2.0284e-07
2.0284e-07 2.0284e-07 2.0284e-07 2.0284e-07 2.0284e-07 2.0284e-07 2.0284e-07 2.0284e-07 2.0284e-07 2.0284e-07 2.0284e-07 2.0284e-07 2.0284e-07 2.0284e-07 2.0284e-07 2.0284e-07 2.0284e-07 2.0284e-07 2.0284e-07 2.0284e-07 2.0284e-07 2.0284e-07 2.0284e-07 2.0284e-07 2.0284e-07 2.0284e-07 2.0284e-07 2.0284e-07
2.0284e-07 2.0284e-07 2.0284e-07 2.0284e-07 2.0284e-07 2.0284e-07 2.0284e-07 2.0284e-07 2.0284e-07 2.0284e-07 2.0284e-07 2.0284e-07 2.0284e-07 2.0284e-07 2.0284e-07 2.0284e-07 2.0284e-07 2.0284e-07 2.0284e-07 2.0284e-07 2.0284e-07 2.0284e-07 2.0284e-07 2.0284e-07 2.0284e-07 2.0284e-07 2.0284e-07 2.0284e-07
2.0284e-07 2.0284e-07 2.0284e-07 2.0284e-07 2.0284e-07 0.0020286 0.0020286 0.0020286 0.004057 0.00811379 0.0101422 0.0202842 0.0263694 0.0324546 0.0324546 0.0324546 0.0304262 0.0263694 0.014199 0.0121706 0.004057 0.0020286 2.0284e-07 2.0284e-07 2.0284e-07 2.0284e-07 2.0284e-07 2.0284e-07
2.0284e-07 2.0284e-07 2.0284e-07 0.0020286 0.004057 0.014199 0.0223126 0.0547669 0.0831645 0.125761 0.210953 0.286004 0.348884 0.391481 0.411765 0.40568 0.359026 0.298175 0.219067 0.15213 0.0709941 0.0324546 0.00811379 0.004057 2.0284e-07 2.0284e-07 2.0284e-07 2.0284e-07
2.0284e-07 2.0284e-07 2.0284e-07 0.00811379 0.024341 0.0547669 0.0872213 0.158215 0.25355 0.375254 0.517241 0.626775 0.703854 0.760649 0.787018 0.776876 0.722109 0.610548 0.492901 0.377282 0.233266 0.119676 0.0425965 0.0101422 2.0284e-07 2.0284e-07 2.0284e-07 2.0284e-07
2.0284e-07 2.0284e-07 2.0284e-07 0.0202842 0.0446249 0.0851929 0.184584 0.279919 0.407708 0.539554 0.703854 0.78499 0.837728 0.882353 0.902637 0.904665 0.892495 0.795132 0.651116 0.521298 0.369168 0.208925 0.105477 0.024341 2.0284e-07 2.0284e-07 2.0284e-07 2.0284e-07
2.0284e-07 0.0020286 2.0284e-07 0.0223126 0.0588237 0.109534 0.204868 0.302231 0.446247 0.559838 0.634888 0.699797 0.716024 0.724138 0.762677 0.805274 0.791075 0.799189 0.73428 0.62069 0.450304 0.25355 0.123732 0.0466533 2.0284e-07 2.0284e-07 2.0284e-07 2.0284e-07
2.0284e-07 2.0284e-07 2.0284e-07 0.0263694 0.0649089 0.0993916 0.174442 0.241379 0.336714 0.409736 0.448276 0.440162 0.434077 0.436106 0.472617 0.584178 0.679513 0.720081 0.703854 0.626775 0.458418 0.251521 0.119676 0.0446249 2.0284e-07 2.0284e-07 2.0284e-07 2.0284e-07
2.0284e-07 2.0284e-07 0.0020286 0.0162274 0.0365113 0.0730225 0.131846 0.162272 0.204868 0.231237 0.245436 0.249493 0.283976 0.322515 0.401623 0.539554 0.679513 0.758621 0.722109 0.584178 0.411765 0.223124 0.0933065 0.0283978 2.0284e-07 2.0284e-07 2.0284e-07 2.0284e-07
2.0284e-07 2.0284e-07 0.0020286 0.00608539 0.014199 0.0385397 0.0649089 0.0770793 0.109534 0.141988 0.174442 0.208925 0.283976 0.389452 0.523327 0.675456 0.799189 0.787018 0.68357 0.492901 0.320487 0.15213 0.0669373 0.0182558 2.0284e-07 2.0284e-07 2.0284e-07 2.0284e-07
2.0284e-07 2.0284e-07 2.0284e-07 0.0020286 0.00811379 0.0162274 0.0304262 0.0466533 0.0831645 0.150102 0.239351 0.361055 0.498986 0.626775 0.764706 0.839756 0.868154 0.770791 0.588235 0.385396 0.227181 0.0912781 0.0263694 0.00811379 2.0284e-07 2.0284e-07 2.0284e-07 2.0284e-07
2.0284e-07 2.0284e-07 2.0284e-07 2.0284e-07 0.004057 0.00811379 0.0202842 0.0446249 0.11359 0.225152 0.375254 0.561866 0.722109 0.809331 0.890466 0.902637 0.855984 0.720081 0.51927 0.31643 0.1643 0.0567953 0.0202842 0.00608539 2.0284e-07 2.0284e-07 2.0284e-07 2.0284e-07
2.0284e-07 2.0284e-07 2.0284e-07 0.0020286 0.004057 0.00608539 0.0202842 0.0750509 0.1643 0.31643 0.51927 0.707911 0.817444 0.888438 0.900608 0.88641 0.8357 0.764706 0.547667 0.35497 0.176471 0.0750509 0.0182558 0.004057 2.0284e-07 2.0284e-07 2.0284e-07 2.0284e-07
2.0284e-07 2.0284e-07 2.0284e-07 2.0284e-07 0.00608539 0.0101422 0.0283978 0.0730225 0.184584 0.348884 0.503043 0.6714 0.748479 0.789047 0.795132 0.811359 0.799189 0.776876 0.64503 0.444219 0.271805 0.115619 0.0507101 0.00811379 0.0020286 2.0284e-07 2.0284e-07 2.0284e-07
2.0284e-07 2.0284e-07 2.0284e-07 0.0020286 0.00608539 0.014199 0.0304262 0.0689657 0.15213 0.267749 0.381339 0.486815 0.535497 0.557809 0.578093 0.612576 0.713996 0.754564 0.722109 0.592292 0.352941 0.190669 0.0669373 0.0223126 0.0020286 2.0284e-07 0.0020286 2.0284e-07
2.0284e-07 2.0284e-07 0.00608539 0.014199 0.0202842 0.0446249 0.0446249 0.0669373 0.10142 0.156187 0.219067 0.231237 0.251521 0.271805 0.320487 0.401623 0.559838 0.711967 0.74645 0.647059 0.43002 0.249493 0.10142 0.0283978 0.0020286 2.0284e-07 2.0284e-07 2.0284e-07
2.0284e-07 2.0284e-07 0.00811379 0.0344829 0.0730225 0.0953348 0.0933065 0.0933065 0.103448 0.10142 0.0851929 0.0912781 0.0993916 0.11359 0.180528 0.334686 0.490872 0.643002 0.736308 0.675456 0.456389 0.259635 0.133874 0.0425965 0.0020286 2.0284e-07 2.0284e-07 2.0284e-07
2.0284e-07 2.0284e-07 0.00811379 0.0527385 0.131846 0.174442 0.210953 0.210953 0.1643 0.107505 0.0872213 0.0750509 0.0669373 0.0993916 0.180528 0.330629 0.513185 0.622718 0.703854 0.661258 0.448276 0.271805 0.148073 0.0425965 0.0020286 2.0284e-07 2.0284e-07 2.0284e-07
2.0284e-07 2.0284e-07 0.014199 0.0770793 0.206897 0.281947 0.35497 0.350913 0.283976 0.200811 0.154158 0.123732 0.133874 0.194726 0.298175 0.458418 0.606491 0.691683 0.709939 0.614604 0.43002 0.25355 0.133874 0.0365113 0.0020286 2.0284e-07 2.0284e-07 2.0284e-07
2.0284e-07 2.0284e-07 0.0162274 0.10142 0.229209 0.361055 0.464503 0.503043 0.490872 0.421907 0.375254 0.350913 0.375254 0.462475 0.580122 0.677485 0.754564 0.768763 0.687627 0.517241 0.375254 0.221095 0.107505 0.0324546 0.0020286 2.0284e-07 2.0284e-07 2.0284e-07
2.0284e-07 2.0284e-07 0.0162274 0.0811361 0.208925 0.332657 0.515213 0.600406 0.655172 0.661258 0.6714 0.655172 0.679513 0.726166 0.789047 0.837728 0.815416 0.740365 0.572008 0.419878 0.286004 0.162272 0.0628805 0.0162274 2.0284e-07 2.0284e-07 2.0284e-07 2.0284e-07
2.0284e-07 2.0284e-07 0.0121706 0.0567953 0.144016 0.269777 0.438134 0.567951 0.687627 0.760649 0.813387 0.851927 0.880324 0.884381 0.880324 0.8357 0.726166 0.578093 0.409736 0.283976 0.160244 0.0831645 0.0344829 0.00608539 2.0284e-07 2.0284e-07 2.0284e-07 2.0284e-07
2.0284e-07 2.0284e-07 0.004057 0.0324546 0.0912781 0.154158 0.290061 0.423935 0.567951 0.705882 0.770791 0.817444 0.833671 0.821501 0.738337 0.618661 0.498986 0.348884 0.221095 0.141988 0.0649089 0.024341 0.00608539 0.0020286 2.0284e-07 2.0284e-07 2.0284e-07 2.0284e-07
2.0284e-07 2.0284e-07 2.0284e-07 0.0121706 0.0344829 0.0628805 0.105477 0.180528 0.227181 0.275862 0.324544 0.363083 0.37931 0.35497 0.290061 0.241379 0.160244 0.10142 0.0507101 0.024341 0.014199 0.00811379 0.004057 0.0020286 2.0284e-07 2.0284e-07 2.0284e-07 2.0284e-07
2.0284e-07 2.0284e-07 2.0284e-07 0.0020286 0.00608539 0.00608539 0.0182558 0.0324546 0.0405681 0.0486817 0.0446249 0.0547669 0.0527385 0.0547669 0.0385397 0.0182558 0.0121706 0.00811379 0.0101422 0.004057 0.004057 0.0020286 0.0020286 2.0284e-07 2.0284e-07 2.0284e-07 2.0284e-07 2.0284e-07
2.0284e-07 2.0284e-07 2.0284e-07 2.0284e-07 2.0284e-07 2.0284e-07 2.0284e-07 2.0284e-07 2.0284e-07 2.0284e-07 0.0020286 0.0020286 0.004057 0.004057 0.004057 0.004057 0.0020286 0.0020286 0.0020286 0.0020286 0.0020286 0.0020286 2.0284e-07 2.0284e-07 2.0284e-07 2.0284e-07 2.0284e-07 2.0284e-07
2.0284e-07 2.0284e-07 2.0284e-07 2.0284e-07 2.0284e-07 2.0284e-07 2.0284e-07 2.0284e-07 2.0284e-07 2.0284e-07 2.0284e-07 2.0284e-07 2.0284e-07 2.0284e-07 2.0284e-07 2.0284e-07 2.0284e-07 2.0284e-07 2.0284e-07 2.0284e-07 2.0284e-07 2.0284e-07 2.0284e-07 2.0284e-07 2.0284e-07 2.0284e-07 2.0284e-07 2.0284e-07
1.86916e-07 1.86916e-07 1.86916e-07 1.86916e-07 1.86916e-07 1.86916e-07 1.86916e-07 1.86916e-07 1.86916e-07 1.86916e-07 1.86916e-07 1.86916e-07 1.86916e-07 1.86916e-07 1.86916e-07 1.86916e-07 1.86916e-07 1.86916e-07 1.86916e-07 1.86916e-07 1.86916e-07 1.86916e-07 1.86916e-07 1.86916e-07 1.86916e-07 1.86916e-07 1.86916e-07 1.86916e-07
1.86916e-07 1.86916e-07 1.86916e-07 1.86916e-07 1.86916e-07 1.86916e-07 1.86916e-07 1.86916e-07 1.86916e-07 1.86916e-07 1.86916e-07 1.86916e-07 1.86916e-07 1.86916e-07 1.86916e-07 1.86916e-07 1.86916e-07 1.86916e-07 1.86916e-07 1.86916e-07 1.86916e-07 1.86916e-07 1.86916e-07 1.86916e-07 1.86916e-07 1.86916e-07 1.86916e-07 1.86916e-07
1.86916e-07 1.86916e-07 1.86916e-07 1.86916e-07 1.86916e-07 1.86916e-07 1.86916e-07 1.86916e-07 1.86916e-07 1.86916e-07 1.86916e-07 1.86916e-07 1.86916e-07 1.86916e-07 1.86916e-07 0.00186935 0.00186935 0.00186935 1.86916e-07 1.86916e-07 1.86916e-07 1.86916e-07 1.86916e-07 1.86916e-07 1.86916e-07 1.86916e-07 1.86916e-07 1.86916e-07
1.86916e-07 1.86916e-07 1.86916e-07 1.86916e-07 1.86916e-07 1.86916e-07 1.86916e-07 1.86916e-07 1.86916e-07 1.86916e-07 1.86916e-07 0.00186935 0.00186935 0.00186935 0.00186935 0.0037385 0.0037385 0.0037385 0.0037385 0.0037385 0.00934598 0.00747682 0.00560766 1.86916e-07 1.86916e-07 1.86916e-07 1.86916e-07 1.86916e-07
1.86916e-07 1.86916e-07 1.86916e-07 1.86916e-07 0.0037385 0.00560766 0.00560766 0.0130843 0.0186918 0.0205609 0.0224301 0.0224301 0.0299067 0.0261684 0.0205609 0.0280376 0.0355142 0.0560749 0.0635516 0.0766357 0.0878506 0.0560749 0.0467291 0.0205609 0.0112151 1.86916e-07 1.86916e-07 1.86916e-07
1.86916e-07 1.86916e-07 1.86916e-07 1.86916e-07 0.00560766 0.0130843 0.033645 0.0542058 0.0710282 0.100935 0.125234 0.128972 0.13458 0.117757 0.0878506 0.0822431 0.13458 0.168224 0.220561 0.242991 0.248598 0.194393 0.171963 0.115888 0.0710282 0.00747682 1.86916e-07 1.86916e-07
1.86916e-07 1.86916e-07 1.86916e-07 0.0037385 0.0130843 0.033645 0.0579441 0.0915889 0.147664 0.203738 0.241122 0.26729 0.272897 0.216823 0.153271 0.143925 0.194393 0.271028 0.353271 0.4 0.388785 0.319626 0.252337 0.162617 0.0915889 0.0224301 0.00186935 1.86916e-07
1.86916e-07 1.86916e-07 1.86916e-07 0.00560766 0.0242992 0.0429908 0.0878506 0.138318 0.224299 0.321495 0.383178 0.398131 0.381308 0.299065 0.211215 0.188785 0.254206 0.353271 0.454206 0.508411 0.448598 0.379439 0.269159 0.145795 0.080374 0.0242992 0.00560766 1.86916e-07
1.86916e-07 1.86916e-07 1.86916e-07 0.00747682 0.0261684 0.0579441 0.104673 0.188785 0.282243 0.401869 0.48785 0.495327 0.459813 0.33458 0.220561 0.203738 0.285981 0.418692 0.547664 0.573832 0.506542 0.394393 0.235514 0.143925 0.0560749 0.0130843 0.0037385 1.86916e-07
1.86916e-07 1.86916e-07 1.86916e-07 0.00934598 0.0317759 0.0672899 0.125234 0.229907 0.35514 0.495327 0.562617 0.558878 0.484112 0.319626 0.205608 0.198131 0.317757 0.51215 0.62243 0.642991 0.528972 0.347664 0.205608 0.104673 0.0261684 0.0130843 0.00186935 1.86916e-07
1.86916e-07 1.86916e-07 1.86916e-07 0.00934598 0.0299067 0.0766357 0.158879 0.278505 0.452336 0.594392 0.66542 0.594392 0.437383 0.256075 0.130841 0.192523 0.375701 0.594392 0.706542 0.680374 0.506542 0.295327 0.157009 0.0598132 0.0130843 0.0037385 1.86916e-07 1.86916e-07
1.86916e-07 1.86916e-07 0.00186935 0.0130843 0.0411217 0.0878506 0.188785 0.394393 0.562617 0.717757 0.71028 0.543925 0.37757 0.179439 0.114019 0.22243 0.476636 0.693458 0.783177 0.672897 0.469159 0.239252 0.115888 0.0392525 0.0112151 1.86916e-07 1.86916e-07 1.86916e-07
1.86916e-07 0.00186935 0.00186935 0.0112151 0.04486 0.117757 0.254206 0.484112 0.661682 0.788785 0.702804 0.500935 0.300935 0.164486 0.173832 0.299065 0.603738 0.786916 0.824299 0.659813 0.428037 0.201869 0.0953273 0.0373834 0.0149535 0.00186935 1.86916e-07 1.86916e-07
1.86916e-07 0.00186935 0.00186935 0.00934598 0.0467291 0.142056 0.349533 0.57757 0.764486 0.852336 0.721495 0.538318 0.340187 0.306542 0.33271 0.500935 0.758878 0.874766 0.850467 0.661682 0.433645 0.229907 0.121495 0.0598132 0.0242992 0.00186935 1.86916e-07 1.86916e-07
1.86916e-07 0.00186935 0.00186935 0.0149535 0.0560749 0.201869 0.435514 0.64486 0.805607 0.871028 0.828037 0.704673 0.596262 0.566355 0.571963 0.725234 0.895327 0.928972 0.850467 0.656075 0.448598 0.259813 0.166355 0.0728974 0.0317759 0.00186935 1.86916e-07 1.86916e-07
1.86916e-07 1.86916e-07 0.00186935 0.0149535 0.0542058 0.220561 0.459813 0.671028 0.792523 0.852336 0.869159 0.852336 0.820561 0.803738 0.829906 0.874766 0.942056 0.940187 0.820561 0.635514 0.4 0.248598 0.149533 0.0635516 0.0224301 0.00186935 0.00186935 1.86916e-07
1.86916e-07 1.86916e-07 1.86916e-07 0.0112151 0.0542058 0.209346 0.420561 0.585047 0.708411 0.775701 0.809346 0.820561 0.8 0.814953 0.84486 0.895327 0.947663 0.904673 0.758878 0.542056 0.325234 0.198131 0.100935 0.0485983 0.0205609 0.00186935 0.00186935 1.86916e-07
1.86916e-07 1.86916e-07 1.86916e-07 0.00186935 0.0242992 0.147664 0.276636 0.403738 0.493458 0.540187 0.553271 0.581308 0.579439 0.64486 0.725234 0.814953 0.86542 0.785047 0.598131 0.386916 0.237383 0.136449 0.0579441 0.0242992 0.0149535 0.0037385 0.00186935 1.86916e-07
1.86916e-07 1.86916e-07 1.86916e-07 1.86916e-07 0.0112151 0.0710282 0.13458 0.205608 0.241122 0.265421 0.282243 0.304673 0.373832 0.491589 0.614953 0.73271 0.725234 0.629906 0.398131 0.269159 0.153271 0.0859815 0.0373834 0.0112151 0.00186935 1.86916e-07 0.00186935 1.86916e-07
1.86916e-07 1.86916e-07 1.86916e-07 1.86916e-07 0.00186935 0.0261684 0.0616824 0.069159 0.0747665 0.0878506 0.104673 0.157009 0.293458 0.420561 0.553271 0.628037 0.620561 0.51028 0.33458 0.224299 0.123365 0.069159 0.0299067 0.00747682 0.00186935 1.86916e-07 1.86916e-07 1.86916e-07
1.86916e-07 1.86916e-07 1.86916e-07 1.86916e-07 0.00186935 0.00934598 0.0205609 0.0261684 0.0373834 0.0485983 0.0822431 0.181309 0.287851 0.428037 0.519626 0.540187 0.540187 0.428037 0.299065 0.209346 0.121495 0.069159 0.033645 0.00934598 0.00186935 1.86916e-07 1.86916e-07 1.86916e-07
1.86916e-07 1.86916e-07 1.86916e-07 1.86916e-07 1.86916e-07 1.86916e-07 0.0037385 0.00934598 0.0224301 0.0411217 0.106542 0.203738 0.317757 0.416822 0.459813 0.463551 0.472897 0.364486 0.271028 0.214953 0.127103 0.0747665 0.0373834 0.0149535 0.0037385 0.00186935 1.86916e-07 1.86916e-07
1.86916e-07 1.86916e-07 1.86916e-07 1.86916e-07 1.86916e-07 0.00186935 0.00186935 0.0149535 0.0242992 0.0654207 0.147664 0.231776 0.33458 0.396262 0.413084 0.413084 0.403738 0.351402 0.265421 0.214953 0.123365 0.0728974 0.0392525 0.0168226 0.00560766 0.00186935 1.86916e-07 1.86916e-07
1.86916e-07 1.86916e-07 1.86916e-07 1.86916e-07 1.86916e-07 0.00186935 0.00747682 0.0130843 0.0373834 0.0934581 0.157009 0.237383 0.31028 0.366355 0.357009 0.368224 0.343925 0.323365 0.252337 0.185047 0.123365 0.069159 0.0317759 0.0149535 0.00560766 1.86916e-07 1.86916e-07 1.86916e-07
1.86916e-07 1.86916e-07 1.86916e-07 1.86916e-07 1.86916e-07 1.86916e-07 0.00560766 0.00934598 0.0299067 0.0822431 0.127103 0.17757 0.213084 0.229907 0.250467 0.239252 0.228037 0.211215 0.164486 0.115888 0.0710282 0.033645 0.0186918 0.0112151 0.0037385 1.86916e-07 1.86916e-07 1.86916e-07
1.86916e-07 1.86916e-07 1.86916e-07 1.86916e-07 1.86916e-07 1.86916e-07 1.86916e-07 0.0037385 0.00934598 0.0299067 0.033645 0.0317759 0.0373834 0.0579441 0.0822431 0.0841123 0.069159 0.04486 0.0261684 0.0205609 0.0168226 0.00747682 0.0037385 0.0037385 0.00186935 1.86916e-07 1.86916e-07 1.86916e-07
1.86916e-07 1.86916e-07 1.86916e-07 1.86916e-07 1.86916e-07 1.86916e-07 1.86916e-07 1.86916e-07 0.00186935 0.00186935 1.86916e-07 1.86916e-07 1.86916e-07 0.00186935 1.86916e-07 0.00186935 0.0037385 0.0037385 0.0037385 0.00186935 1.86916e-07 1.86916e-07 1.86916e-07 1.86916e-07 1.86916e-07 1.86916e-07 1.86916e-07 1.86916e-07
1.86916e-07 1.86916e-07 1.86916e-07 1.86916e-07 1.86916e-07 1.86916e-07 1.86916e-07 1.86916e-07 1.86916e-07 1.86916e-07 1.86916e-07 1.86916e-07 1.86916e-07 1.86916e-07 1.86916e-07 1.86916e-07 1.86916e-07 1.86916e-07 1.86916e-07 1.86916e-07 1.86916e-07 1.86916e-07 1.86916e-07 1.86916e-07 1.86916e-07 1.86916e-07 1.86916e-07 1.86916e-07
2.30415e-07 2.30415e-07 2.30415e-07 2.30415e-07 2.30415e-07 2.30415e-07 2.30415e-07 2.30415e-07 2.30415e-07 2.30415e-07 2.30415e-07 2.30415e-07 2.30415e-07 2.30415e-07 2.30415e-07 2.30415e-07 2.30415e-07 2.30415e-07 2.30415e-07 2.30415e-07 2.30415e-07 2.30415e-07 2.30415e-07 2.30415e-07 2.30415e-07 2.30415e-07 2.30415e-07 2.30415e-07
2.30415e-07 2.30415e-07 2.30415e-07 2.30415e-07 2.30415e-07 2.30415e-07 2.30415e-07 2.30415e-07 2.30415e-07 2.30415e-07 2.30415e-07 2.30415e-07 2.30415e-07 2.30415e-07 2.30415e-07 2.30415e-07 2.30415e-07 2.30415e-07 2.30415e-07 2.30415e-07 2.30415e-07 2.30415e-07 2.30415e-07 2.30415e-07 2.30415e-07 2.30415e-07 2.30415e-07 2.30415e-07
2.30415e-07 2.30415e-07 2.30415e-07 2.30415e-07 2.30415e-07 2.30415e-07 2.30415e-07 2.30415e-07 2.30415e-07 2.30415e-07 2.30415e-07 2.30415e-07 2.30415e-07 2.30415e-07 2.30415e-07 2.30415e-07 2.30415e-07 2.30415e-07 2.30415e-07 2.30415e-07 2.30415e-07 2.30415e-07 2.30415e-07 2.30415e-07 2.30415e-07 2.30415e-07 2.30415e-07 2.30415e-07
2.30415e-07 2.30415e-07 2.30415e-07 2.30415e-07 2.30415e-07 2.30415e-07 2.30415e-07 2.30415e-07 2.30415e-07 2.30415e-07 2.30415e-07 0.00460852 0.00921682 0.0138251 0.0184334 0.0230417 0.0207375 0.0138251 0.00921682 0.0138251 0.0138251 0.0161293 0.0161293 0.011521 0.00691267 2.30415e-07 2.30415e-07 2.30415e-07
2.30415e-07 2.30415e-07 2.30415e-07 2.30415e-07 2.30415e-07 2.30415e-07 2.30415e-07 0.00230438 0.0138251 0.02765 0.043779 0.0737329 0.0875578 0.124424 0.140553 0.170507 0.182028 0.193549 0.191244 0.179724 0.170507 0.156682 0.124424 0.103687 0.0529956 0.00921682 2.30415e-07 2.30415e-07
2.30415e-07 2.30415e-07 2.30415e-07 2.30415e-07 2.30415e-07 2.30415e-07 0.00921682 0.0368666 0.0645163 0.0990785 0.147466 0.218894 0.285714 0.343318 0.394009 0.428571 0.449309 0.458525 0.4447 0.440092 0.396313 0.33871 0.276498 0.211982 0.142857 0.0460832 0.00691267 2.30415e-07
2.30415e-07 2.30415e-07 2.30415e-07 2.30415e-07 2.30415e-07 0.00460852 0.02765 0.0576039 0.117512 0.179724 0.27189 0.373272 0.426267 0.516129 0.569124 0.599078 0.610599 0.59447 0.592166 0.578341 0.546083 0.474654 0.380184 0.336406 0.258065 0.129032 0.0207375 0.00230438
2.30415e-07 2.30415e-07 2.30415e-07 2.30415e-07 2.30415e-07 0.0138251 0.0368666 0.0829495 0.16129 0.25576 0.364055 0.47235 0.582949 0.652074 0.672811 0.698157 0.686636 0.663594 0.617511 0.601382 0.573733 0.520737 0.442396 0.407834 0.322581 0.195853 0.0414749 0.00230438
2.30415e-07 2.30415e-07 2.30415e-07 2.30415e-07 0.00230438 0.0184334 0.0414749 0.112903 0.218894 0.317972 0.430876 0.59447 0.663594 0.705069 0.700461 0.686636 0.635945 0.603687 0.578341 0.532258 0.5 0.453917 0.407834 0.343318 0.278802 0.175115 0.043779 0.00460852
2.30415e-07 2.30415e-07 2.30415e-07 2.30415e-07 0.00691267 0.0184334 0.0506915 0.142857 0.258065 0.396313 0.536866 0.64977 0.684332 0.686636 0.612903 0.516129 0.458525 0.435484 0.40553 0.373272 0.313364 0.264977 0.235023 0.214286 0.172811 0.103687 0.0207375 0.00230438
2.30415e-07 2.30415e-07 2.30415e-07 2.30415e-07 0.00691267 0.0161293 0.0622122 0.168203 0.324885 0.490783 0.668203 0.725806 0.746544 0.679723 0.557604 0.451613 0.35023 0.299539 0.258065 0.193549 0.165899 0.12212 0.0852536 0.0668205 0.0622122 0.0345624 0.00460852 2.30415e-07
2.30415e-07 2.30415e-07 2.30415e-07 2.30415e-07 0.011521 0.0184334 0.0898619 0.209678 0.394009 0.587558 0.741935 0.801843 0.751152 0.635945 0.529954 0.419355 0.347926 0.253456 0.17742 0.115208 0.0668205 0.0368666 0.0207375 0.0161293 0.0161293 0.00921682 0.00230438 2.30415e-07
2.30415e-07 2.30415e-07 2.30415e-07 2.30415e-07 0.00921682 0.0230417 0.115208 0.251152 0.463134 0.675115 0.78341 0.817972 0.762673 0.645161 0.541475 0.453917 0.384793 0.308756 0.239631 0.14977 0.0921661 0.0483873 0.0161293 0.0161293 0.00230438 0.00230438 2.30415e-07 2.30415e-07
2.30415e-07 2.30415e-07 2.30415e-07 2.30415e-07 0.00921682 0.0322583 0.112903 0.264977 0.483871 0.693548 0.792627 0.841014 0.762673 0.707373 0.615207 0.562212 0.488479 0.43318 0.341014 0.241936 0.158986 0.0760371 0.0299541 0.00691267 0.00460852 2.30415e-07 2.30415e-07 2.30415e-07
2.30415e-07 2.30415e-07 2.30415e-07 2.30415e-07 0.00691267 0.0322583 0.110599 0.260369 0.440092 0.624424 0.709677 0.741935 0.718894 0.675115 0.635945 0.587558 0.571429 0.516129 0.447005 0.331797 0.228111 0.129032 0.0460832 0.0184334 0.00691267 2.30415e-07 2.30415e-07 2.30415e-07
2.30415e-07 2.30415e-07 2.30415e-07 0.00460852 0.011521 0.0391707 0.0944702 0.168203 0.317972 0.43318 0.513825 0.536866 0.541475 0.520737 0.520737 0.525346 0.532258 0.541475 0.479263 0.419355 0.285714 0.16129 0.0760371 0.02765 0.00691267 0.00230438 2.30415e-07 2.30415e-07
2.30415e-07 2.30415e-07 2.30415e-07 0.00460852 0.02765 0.0506915 0.0875578 0.133641 0.186636 0.262673 0.308756 0.327189 0.327189 0.361751 0.400922 0.449309 0.5 0.552995 0.520737 0.440092 0.322581 0.205069 0.0944702 0.0391707 0.00921682 0.00230438 2.30415e-07 2.30415e-07
2.30415e-07 2.30415e-07 2.30415e-07 0.00460852 0.0299541 0.0898619 0.168203 0.170507 0.158986 0.142857 0.163595 0.163595 0.18894 0.251152 0.322581 0.423963 0.504608 0.541475 0.541475 0.458525 0.352535 0.223502 0.119816 0.0552997 0.00691267 0.00230438 2.30415e-07 2.30415e-07
2.30415e-07 2.30415e-07 0.00230438 0.00230438 0.0414749 0.156682 0.281106 0.306452 0.225807 0.172811 0.133641 0.126728 0.152074 0.241936 0.341014 0.435484 0.546083 0.56682 0.56682 0.453917 0.345622 0.221198 0.12212 0.059908 0.00691267 0.00230438 2.30415e-07 2.30415e-07
2.30415e-07 2.30415e-07 0.00460852 0.00691267 0.0483873 0.193549 0.389401 0.467742 0.417051 0.352535 0.288019 0.27189 0.301843 0.368664 0.453917 0.523041 0.576037 0.601382 0.578341 0.451613 0.31106 0.207373 0.110599 0.0506915 0.00921682 0.00230438 2.30415e-07 2.30415e-07
2.30415e-07 2.30415e-07 0.00460852 0.00691267 0.0391707 0.195853 0.437788 0.557604 0.580645 0.543779 0.520737 0.486175 0.504608 0.552995 0.576037 0.624424 0.624424 0.605991 0.536866 0.398618 0.274194 0.165899 0.0668205 0.043779 0.0138251 2.30415e-07 2.30415e-07 2.30415e-07
2.30415e-07 2.30415e-07 2.30415e-07 0.00230438 0.0322583 0.163595 0.373272 0.559908 0.635945 0.695852 0.702765 0.702765 0.693548 0.691244 0.684332 0.684332 0.647465 0.596774 0.451613 0.329493 0.221198 0.115208 0.0529956 0.0299541 0.00921682 2.30415e-07 2.30415e-07 2.30415e-07
2.30415e-07 2.30415e-07 2.30415e-07 2.30415e-07 0.0138251 0.0829495 0.25576 0.410138 0.546083 0.672811 0.746544 0.748848 0.735023 0.735023 0.714286 0.654378 0.59447 0.467742 0.357143 0.21659 0.124424 0.0645163 0.0345624 0.0184334 0.00460852 2.30415e-07 2.30415e-07 2.30415e-07
2.30415e-07 2.30415e-07 2.30415e-07 2.30415e-07 0.00691267 0.0253458 0.131337 0.237327 0.35023 0.486175 0.580645 0.631336 0.638249 0.615207 0.585253 0.520737 0.40553 0.306452 0.186636 0.117512 0.059908 0.0345624 0.0184334 0.00691267 0.00230438 2.30415e-07 2.30415e-07 2.30415e-07
2.30415e-07 2.30415e-07 2.30415e-07 2.30415e-07 0.00460852 0.00691267 0.0368666 0.0737329 0.133641 0.198157 0.253456 0.294931 0.317972 0.313364 0.288019 0.225807 0.16129 0.115208 0.0668205 0.0345624 0.0299541 0.0161293 0.00921682 0.00230438 2.30415e-07 2.30415e-07 2.30415e-07 2.30415e-07
2.30415e-07 2.30415e-07 2.30415e-07 2.30415e-07 2.30415e-07 0.00230438 0.00691267 0.0207375 0.0299541 0.0529956 0.059908 0.0622122 0.059908 0.0529956 0.0483873 0.02765 0.0230417 0.0161293 0.00921682 0.00230438 2.30415e-07 2.30415e-07 2.30415e-07 2.30415e-07 2.30415e-07 2.30415e-07 2.30415e-07 2.30415e-07
2.30415e-07 2.30415e-07 2.30415e-07 2.30415e-07 2.30415e-07 2.30415e-07 0.00230438 0.00230438 0.00460852 0.00460852 0.00691267 0.00691267 0.00921682 0.00691267 0.00230438 0.00230438 0.00230438 0.00230438 0.00230438 2.30415e-07 2.30415e-07 2.30415e-07 2.30415e-07 2.30415e-07 2.30415e-07 2.30415e-07 2.30415e-07 2.30415e-07
2.30415e-07 2.30415e-07 2.30415e-07 2.30415e-07 2.30415e-07 2.30415e-07 2.30415e-07 2.30415e-07 2.30415e-07 2.30415e-07 2.30415e-07 2.30415e-07 2.30415e-07 2.30415e-07 2.30415e-07 2.30415e-07 2.30415e-07 2.30415e-07 2.30415e-07 2.30415e-07 2.30415e-07 2.30415e-07 2.30415e-07 2.30415e-07 2.30415e-07 2.30415e-07 2.30415e-07 2.30415e-07
1.99601e-07 1.99601e-07 1.99601e-07 1.99601e-07 1.99601e-07 1.99601e-07 1.99601e-07 1.99601e-07 1.99601e-07 1.99601e-07 1.99601e-07 1.99601e-07 1.99601e-07 1.99601e-07 1.99601e-07 1.99601e-07 1.99601e-07 1.99601e-07 1.99601e-07 1.99601e-07 1.99601e-07 1.99601e-07 1.99601e-07 1.99601e-07 1.99601e-07 1.99601e-07 1.99601e-07 1.99601e-07
1.99601e-07 1.99601e-07 1.99601e-07 1.99601e-07 1.99601e-07 1.99601e-07 1.99601e-07 0.00199621 0.00399221 0.00399221 0.00798423 0.00598822 0.00798423 0.00798423 0.00998024 0.0139722 0.00998024 0.00798423 0.00598822 0.00598822 0.00598822 0.00399221 0.00199621 1.99601e-07 1.99601e-07 1.99601e-07 1.99601e-07 1.99601e-07
1.99601e-07 1.99601e-07 1.99601e-07 1.99601e-07 0.00199621 1.99601e-07 0.00199621 0.00598822 0.00798423 0.0139722 0.0319363 0.0419164 0.0558884 0.103793 0.149701 0.207585 0.267465 0.269461 0.219561 0.149701 0.0838325 0.0379243 0.0139722 0.00199621 1.99601e-07 1.99601e-07 1.99601e-07 1.99601e-07
1.99601e-07 1.99601e-07 1.99601e-07 1.99601e-07 1.99601e-07 0.00199621 0.00598822 0.00598822 0.0119762 0.0319363 0.0538924 0.0898205 0.135729 0.219561 0.351297 0.477046 0.550898 0.560878 0.45509 0.325349 0.179641 0.0738525 0.0319363 0.00998024 0.00199621 1.99601e-07 1.99601e-07 1.99601e-07
1.99601e-07 1.99601e-07 1.99601e-07 1.99601e-07 1.99601e-07 0.00598822 0.00598822 0.00998024 0.0219563 0.0518964 0.0958085 0.153693 0.215569 0.345309 0.506986 0.606786 0.674651 0.63473 0.487026 0.319361 0.185629 0.0838325 0.0299403 0.0179643 0.00399221 1.99601e-07 1.99601e-07 1.99601e-07
1.99601e-07 1.99601e-07 1.99601e-07 1.99601e-07 1.99601e-07 0.00598822 0.00798423 0.0139722 0.0299403 0.0858285 0.129741 0.215569 0.339321 0.481038 0.612774 0.688623 0.668663 0.550898 0.387226 0.251497 0.137725 0.0479044 0.0259483 0.0159683 0.00399221 0.00199621 0.00199621 1.99601e-07
1.99601e-07 1.99601e-07 0.00199621 1.99601e-07 1.99601e-07 0.00199621 0.0119762 0.0239523 0.0578844 0.107785 0.187625 0.307385 0.45509 0.60479 0.702595 0.686627 0.578842 0.39521 0.257485 0.135729 0.0558884 0.0299403 0.0139722 0.00798423 0.00399221 0.00199621 0.00199621 0.00199621
1.99601e-07 1.99601e-07 1.99601e-07 1.99601e-07 1.99601e-07 0.00399221 0.0119762 0.0319363 0.0738525 0.161677 0.261477 0.403194 0.568862 0.688623 0.702595 0.588822 0.429142 0.265469 0.139721 0.0618764 0.0259483 0.0139722 0.0119762 0.00598822 0.00399221 0.00199621 0.00199621 0.00199621
1.99601e-07 1.99601e-07 1.99601e-07 1.99601e-07 1.99601e-07 0.00798423 0.0159683 0.0459084 0.113773 0.223553 0.349301 0.53493 0.662675 0.718563 0.638722 0.473054 0.293413 0.161677 0.0578844 0.0339323 0.0179643 0.0139722 0.0139722 0.00998024 0.00199621 1.99601e-07 0.00199621 1.99601e-07
1.99601e-07 1.99601e-07 1.99601e-07 1.99601e-07 1.99601e-07 0.00998024 0.0319363 0.0758485 0.167665 0.291417 0.45509 0.644711 0.706587 0.694611 0.520958 0.345309 0.181637 0.0638724 0.0359283 0.0299403 0.0339323 0.0279443 0.0179643 0.0119762 0.00199621 1.99601e-07 1.99601e-07 1.99601e-07
1.99601e-07 1.99601e-07 1.99601e-07 1.99601e-07 1.99601e-07 0.00798423 0.0538924 0.0998006 0.223553 0.391218 0.57485 0.720559 0.722555 0.61477 0.417166 0.225549 0.113773 0.0718565 0.0818365 0.0998006 0.0978046 0.0698605 0.0499004 0.0279443 0.00998024 0.00199621 1.99601e-07 1.99601e-07
1.99601e-07 1.99601e-07 1.99601e-07 1.99601e-07 1.99601e-07 0.0219563 0.0598804 0.133733 0.275449 0.467066 0.670659 0.740519 0.688623 0.530938 0.317365 0.181637 0.163673 0.229541 0.269461 0.273453 0.231537 0.175649 0.0978046 0.0638724 0.0379243 0.00399221 1.99601e-07 1.99601e-07
1.99601e-07 1.99601e-07 1.99601e-07 1.99601e-07 0.00199621 0.0259483 0.0838325 0.177645 0.349301 0.578842 0.742515 0.762475 0.638722 0.451098 0.329341 0.321357 0.417166 0.479042 0.497006 0.471058 0.403194 0.295409 0.191617 0.103793 0.0578844 0.0179643 1.99601e-07 1.99601e-07
1.99601e-07 1.99601e-07 1.99601e-07 1.99601e-07 0.00399221 0.0299403 0.109781 0.213573 0.45509 0.658683 0.772455 0.754491 0.590818 0.46507 0.45509 0.556886 0.652695 0.680639 0.654691 0.602794 0.538922 0.427146 0.251497 0.153693 0.0818365 0.0279443 1.99601e-07 1.99601e-07
1.99601e-07 1.99601e-07 1.99601e-07 1.99601e-07 0.00399221 0.0399203 0.135729 0.283433 0.528942 0.726547 0.792415 0.716567 0.566866 0.556886 0.660679 0.776447 0.822355 0.776447 0.700599 0.640719 0.592814 0.487026 0.313373 0.171657 0.0778445 0.0259483 1.99601e-07 1.99601e-07
1.99601e-07 1.99601e-07 1.99601e-07 1.99601e-07 0.00199621 0.0379243 0.155689 0.337325 0.59481 0.762475 0.792415 0.694611 0.608782 0.656687 0.734531 0.796407 0.756487 0.708583 0.676647 0.654691 0.618762 0.532934 0.333333 0.195609 0.0838325 0.0219563 1.99601e-07 1.99601e-07
1.99601e-07 1.99601e-07 1.99601e-07 1.99601e-07 0.00199621 0.0479044 0.157685 0.349301 0.632734 0.794411 0.822355 0.722555 0.656687 0.716567 0.748503 0.710579 0.63473 0.608782 0.63473 0.698603 0.666667 0.518962 0.323353 0.167665 0.0798405 0.0239523 1.99601e-07 1.99601e-07
1.99601e-07 1.99601e-07 1.99601e-07 1.99601e-07 0.00199621 0.0399203 0.155689 0.369262 0.632734 0.804391 0.854291 0.768463 0.726547 0.714571 0.672655 0.57485 0.566866 0.602794 0.710579 0.760479 0.664671 0.50499 0.275449 0.125749 0.0658684 0.0179643 0.00199621 1.99601e-07
1.99601e-07 1.99601e-07 1.99601e-07 1.99601e-07 0.00199621 0.0219563 0.123753 0.339321 0.588822 0.812375 0.886227 0.856287 0.826347 0.734531 0.662675 0.640719 0.686627 0.764471 0.802395 0.758483 0.612774 0.367266 0.205589 0.0958085 0.0479044 0.00998024 0.00199621 1.99601e-07
1.99601e-07 1.99601e-07 1.99601e-07 1.99601e-07 0.00199621 0.0119762 0.0838325 0.259481 0.499002 0.734531 0.882235 0.928144 0.884231 0.834331 0.824351 0.804391 0.854291 0.862275 0.816367 0.670659 0.43513 0.267465 0.107785 0.0618764 0.0199603 0.00199621 1.99601e-07 1.99601e-07
1.99601e-07 1.99601e-07 1.99601e-07 1.99601e-07 0.00199621 0.00998024 0.0499004 0.163673 0.347305 0.578842 0.792415 0.908183 0.944112 0.94012 0.932136 0.910179 0.876247 0.810379 0.652695 0.447106 0.269461 0.123753 0.0578844 0.0239523 0.00598822 0.00199621 1.99601e-07 1.99601e-07
1.99601e-07 1.99601e-07 1.99601e-07 1.99601e-07 1.99601e-07 0.00399221 0.0179643 0.0778445 0.171657 0.347305 0.562874 0.748503 0.858283 0.874251 0.870259 0.806387 0.720559 0.552894 0.373254 0.211577 0.113773 0.0439124 0.0199603 0.00399221 1.99601e-07 1.99601e-07 1.99601e-07 1.99601e-07
1.99601e-07 1.99601e-07 1.99601e-07 1.99601e-07 1.99601e-07 1.99601e-07 0.00399221 0.0279443 0.0439124 0.0998006 0.193613 0.279441 0.351297 0.389222 0.373254 0.333333 0.269461 0.183633 0.111777 0.0598804 0.0199603 0.00798423 0.00199621 1.99601e-07 1.99601e-07 1.99601e-07 1.99601e-07 1.99601e-07
1.99601e-07 1.99601e-07 1.99601e-07 1.99601e-07 1.99601e-07 1.99601e-07 1.99601e-07 0.00399221 0.00798423 0.00998024 0.0159683 0.0219563 0.0339323 0.0399203 0.0399203 0.0359283 0.0279443 0.0159683 0.00998024 0.00798423 0.00399221 1.99601e-07 1.99601e-07 1.99601e-07 1.99601e-07 1.99601e-07 1.99601e-07 1.99601e-07
1.99601e-07 1.99601e-07 1.99601e-07 1.99601e-07 1.99601e-07 1.99601e-07 1.99601e-07 1.99601e-07 1.99601e-07 1.99601e-07 1.99601e-07 1.99601e-07 1.99601e-07 1.99601e-07 1.99601e-07 1.99601e-07 1.99601e-07 1.99601e-07 1.99601e-07 1.99601e-07 1.99601e-07 1.99601e-07 1.99601e-07 1.99601e-07 1.99601e-07 1.99601e-07 1.99601e-07 1.99601e-07
1.99601e-07 1.99601e-07 1.99601e-07 1.99601e-07 1.99601e-07 1.99601e-07 1.99601e-07 1.99601e-07 1.99601e-07 1.99601e-07 1.99601e-07 1.99601e-07 1.99601e-07 1.99601e-07 1.99601e-07 1.99601e-07 1.99601e-07 1.99601e-07 1.99601e-07 1.99601e-07 1.99601e-07 1.99601e-07 1.99601e-07 1.99601e-07 1.99601e-07 1.99601e-07 1.99601e-07 1.99601e-07
1.99601e-07 1.99601e-07 1.99601e-07 1.99601e-07 1.99601e-07 1.99601e-07 1.99601e-07 1.99601e-07 1.99601e-07 1.99601e-07 1.99601e-07 1.99601e-07 1.99601e-07 1.99601e-07 1.99601e-07 1.99601e-07 1.99601e-07 1.99601e-07 1.99601e-07 1.99601e-07 1.99601e-07 1.99601e-07 1.99601e-07 1.99601e-07 1.99601e-07 1.99601e-07 1.99601e-07 1.99601e-07
1.99601e-07 1.99601e-07 1.99601e-07 1.99601e-07 1.99601e-07 1.99601e-07 1.99601e-07 1.99601e-07 1.99601e-07 1.99601e-07 1.99601e-07 1.99601e-07 1.99601e-07 1.99601e-07 1.99601e-07 1.99601e-07 1.99601e-07 1.99601e-07 1.99601e-07 1.99601e-07 1.99601e-07 1.99601e-07 1.99601e-07 1.99601e-07 1.99601e-07 1.99601e-07 1.99601e-07 1.99601e-07
1.81818e-07 1.81818e-07 1.81818e-07 1.81818e-07 1.81818e-07 1.81818e-07 1.81818e-07 1.81818e-07 1.81818e-07 1.81818e-07 1.81818e-07 1.81818e-07 1.81818e-07 1.81818e-07 1.81818e-07 1.81818e-07 1.81818e-07 1.81818e-07 1.81818e-07 1.81818e-07 1.81818e-07 1.81818e-07 1.81818e-07 1.81818e-07 1.81818e-07 1.81818e-07 1.81818e-07 1.81818e-07
1.81818e-07 1.81818e-07 1.81818e-07 1.81818e-07 1.81818e-07 1.81818e-07 1.81818e-07 1.81818e-07 1.81818e-07 1.81818e-07 1.81818e-07 1.81818e-07 1.81818e-07 1.81818e-07 1.81818e-07 1.81818e-07 1.81818e-07 1.81818e-07 1.81818e-07 1.81818e-07 1.81818e-07 1.81818e-07 1.81818e-07 1.81818e-07 1.81818e-07 1.81818e-07 1.81818e-07 1.81818e-07
1.81818e-07 1.81818e-07 1.81818e-07 1.81818e-07 1.81818e-07 1.81818e-07 1.81818e-07 1.81818e-07 1.81818e-07 1.81818e-07 1.81818e-07 1.81818e-07 1.81818e-07 1.81818e-07 1.81818e-07 1.81818e-07 1.81818e-07 1.81818e-07 1.81818e-07 1.81818e-07 1.81818e-07 1.81818e-07 1.81818e-07 1.81818e-07 1.81818e-07 1.81818e-07 1.81818e-07 1.81818e-07
1.81818e-07 1.81818e-07 1.81818e-07 1.81818e-07 1.81818e-07 1.81818e-07 1.81818e-07 1.81818e-07 1.81818e-07 1.81818e-07 1.81818e-07 1.81818e-07 1.81818e-07 1.81818e-07 1.81818e-07 1.81818e-07 1.81818e-07 1.81818e-07 1.81818e-07 1.81818e-07 1.81818e-07 1.81818e-07 1.81818e-07 1.81818e-07 1.81818e-07 1.81818e-07 1.81818e-07 1.81818e-07
1.81818e-07 1.81818e-07 1.81818e-07 1.81818e-07 1.81818e-07 1.81818e-07 1.81818e-07 1.81818e-07 1.81818e-07 1.81818e-07 1.81818e-07 0.00181836 0.00181836 0.00181836 0.00181836 0.00181836 1.81818e-07 1.81818e-07 1.81818e-07 1.81818e-07 1.81818e-07 1.81818e-07 1.81818e-07 1.81818e-07 1.81818e-07 1.81818e-07 1.81818e-07 1.81818e-07
1.81818e-07 1.81818e-07 1.81818e-07 1.81818e-07 1.81818e-07 0.00181836 0.00181836 0.00727291 0.00909109 0.0109093 0.0145456 0.0145456 0.0163638 0.0145456 0.0163638 0.0145456 0.0127274 0.00545473 0.00181836 1.81818e-07 1.81818e-07 0.00181836 0.00181836 1.81818e-07 1.81818e-07 1.81818e-07 1.81818e-07 1.81818e-07
1.81818e-07 1.81818e-07 1.81818e-07 1.81818e-07 0.00727291 0.0200002 0.038182 0.058182 0.0727274 0.0854547 0.12 0.123637 0.145455 0.163636 0.169091 0.165455 0.158182 0.136364 0.116364 0.0727274 0.0436365 0.0272729 0.0218184 0.00909109 1.81818e-07 1.81818e-07 1.81818e-07 1.81818e-07
0.00181836 0.00181836 0.00363654 0.0163638 0.0490911 0.0890911 0.167273 0.221818 0.303636 0.409091 0.46 0.521818 0.563636 0.594545 0.616364 0.614545 0.627273 0.6 0.550909 0.454545 0.312727 0.190909 0.0890911 0.0290911 0.00545473 1.81818e-07 1.81818e-07 1.81818e-07
0.00181836 0.00363654 0.0163638 0.0490911 0.116364 0.207273 0.318182 0.450909 0.574545 0.661818 0.750909 0.798182 0.830909 0.838182 0.849091 0.869091 0.856364 0.830909 0.805454 0.690909 0.503636 0.350909 0.167273 0.0636365 0.00909109 1.81818e-07 1.81818e-07 1.81818e-07
0.00181836 0.00909109 0.0272729 0.0672729 0.154546 0.28 0.392727 0.558182 0.689091 0.787273 0.841818 0.867273 0.870909 0.867273 0.856364 0.878182 0.916363 0.914545 0.874545 0.767273 0.603636 0.403636 0.2 0.0763638 0.0109093 1.81818e-07 1.81818e-07 1.81818e-07
1.81818e-07 0.00727291 0.0272729 0.0745456 0.172727 0.278182 0.392727 0.54 0.650909 0.716364 0.745454 0.712727 0.658182 0.625454 0.601818 0.645454 0.74 0.852727 0.870909 0.778182 0.603636 0.389091 0.174546 0.0600002 0.0109093 1.81818e-07 1.81818e-07 1.81818e-07
1.81818e-07 0.00545473 0.0200002 0.0672729 0.14 0.196364 0.305455 0.438182 0.512727 0.541818 0.492727 0.427273 0.365455 0.323636 0.298182 0.42 0.618182 0.778182 0.852727 0.756364 0.570909 0.338182 0.149091 0.0509093 0.00727291 1.81818e-07 1.81818e-07 1.81818e-07
1.81818e-07 0.00181836 0.0163638 0.0509093 0.1 0.147273 0.243636 0.312727 0.363636 0.365455 0.32 0.24 0.176364 0.152727 0.185455 0.334546 0.58 0.792727 0.836364 0.687273 0.505455 0.272727 0.110909 0.0363638 0.00363654 1.81818e-07 1.81818e-07 1.81818e-07
1.81818e-07 0.00181836 0.00545473 0.0309093 0.0636365 0.0945456 0.156364 0.212727 0.234546 0.24 0.190909 0.130909 0.0927274 0.0836365 0.165455 0.389091 0.663636 0.821818 0.812727 0.647273 0.398182 0.205455 0.0818183 0.0200002 0.00363654 0.00181836 1.81818e-07 1.81818e-07
1.81818e-07 1.81818e-07 0.00181836 0.0127274 0.0454547 0.0709092 0.112727 0.154546 0.169091 0.143636 0.105455 0.0818183 0.0763638 0.1 0.227273 0.518182 0.76 0.829091 0.789091 0.550909 0.303636 0.158182 0.0709092 0.0290911 0.00909109 0.00545473 1.81818e-07 1.81818e-07
1.81818e-07 1.81818e-07 1.81818e-07 0.00545473 0.0345456 0.0563638 0.0763638 0.114546 0.109091 0.103637 0.098182 0.0945456 0.107273 0.170909 0.405455 0.661818 0.832727 0.858182 0.714545 0.443636 0.269091 0.127273 0.0709092 0.0327274 0.0109093 0.00545473 1.81818e-07 1.81818e-07
1.81818e-07 1.81818e-07 1.81818e-07 0.00363654 0.0218184 0.0454547 0.0636365 0.0800002 0.098182 0.098182 0.1 0.118182 0.145455 0.289091 0.569091 0.756364 0.856364 0.812727 0.590909 0.370909 0.201818 0.098182 0.0472729 0.0254547 0.00727291 0.00181836 1.81818e-07 1.81818e-07
1.81818e-07 1.81818e-07 1.81818e-07 0.00363654 0.0163638 0.0290911 0.0363638 0.0600002 0.0727274 0.0745456 0.0927274 0.136364 0.22 0.449091 0.676364 0.832727 0.843636 0.669091 0.434545 0.258182 0.127273 0.0545456 0.0327274 0.0163638 0.00909109 0.00363654 1.81818e-07 1.81818e-07
1.81818e-07 1.81818e-07 0.00363654 0.00363654 0.00727291 0.00727291 0.0163638 0.0272729 0.0454547 0.0509093 0.0818183 0.150909 0.321818 0.543636 0.743636 0.818182 0.74 0.505455 0.327273 0.161818 0.0800002 0.0345456 0.0145456 0.00727291 0.00363654 1.81818e-07 1.81818e-07 1.81818e-07
1.81818e-07 1.81818e-07 0.00363654 0.00181836 0.00181836 0.00181836 0.00363654 0.0109093 0.0163638 0.0345456 0.0927274 0.218182 0.436364 0.623636 0.763636 0.772727 0.603636 0.376364 0.232727 0.0872729 0.0527274 0.0236365 0.00727291 0.00181836 0.00181836 1.81818e-07 1.81818e-07 1.81818e-07
1.81818e-07 1.81818e-07 1.81818e-07 1.81818e-07 1.81818e-07 1.81818e-07 0.00363654 0.0109093 0.018182 0.0672729 0.165455 0.349091 0.523636 0.68 0.74 0.647273 0.483636 0.298182 0.158182 0.0636365 0.038182 0.0163638 0.00545473 1.81818e-07 1.81818e-07 1.81818e-07 1.81818e-07 1.81818e-07
1.81818e-07 1.81818e-07 1.81818e-07 1.81818e-07 1.81818e-07 0.00363654 0.00727291 0.018182 0.0545456 0.138182 0.26 0.443636 0.567273 0.678182 0.64 0.527273 0.4 0.243636 0.114546 0.0472729 0.0309093 0.0127274 0.00181836 1.81818e-07 1.81818e-07 1.81818e-07 1.81818e-07 1.81818e-07
1.81818e-07 1.81818e-07 1.81818e-07 1.81818e-07 0.00181836 0.00545473 0.0127274 0.038182 0.105455 0.210909 0.374546 0.474545 0.58 0.614545 0.556364 0.46 0.330909 0.196364 0.0945456 0.0400002 0.0290911 0.0145456 0.00545473 1.81818e-07 1.81818e-07 1.81818e-07 1.81818e-07 1.81818e-07
1.81818e-07 1.81818e-07 1.81818e-07 1.81818e-07 0.00363654 0.0145456 0.0272729 0.0890911 0.169091 0.289091 0.403636 0.494545 0.550909 0.518182 0.470909 0.4 0.294546 0.158182 0.0818183 0.0363638 0.0272729 0.0109093 0.00363654 1.81818e-07 1.81818e-07 1.81818e-07 1.81818e-07 1.81818e-07
1.81818e-07 1.81818e-07 1.81818e-07 1.81818e-07 0.00545473 0.0200002 0.0509093 0.125455 0.227273 0.341818 0.421818 0.456364 0.490909 0.434545 0.412727 0.338182 0.263636 0.158182 0.0818183 0.0345456 0.0254547 0.0127274 0.00545473 1.81818e-07 1.81818e-07 1.81818e-07 1.81818e-07 1.81818e-07
1.81818e-07 1.81818e-07 1.81818e-07 1.81818e-07 0.00181836 0.0236365 0.0690911 0.149091 0.238182 0.325455 0.372727 0.403636 0.385455 0.36 0.356364 0.283636 0.225455 0.147273 0.0745456 0.0327274 0.0218184 0.0127274 0.00727291 0.00181836 1.81818e-07 1.81818e-07 1.81818e-07 1.81818e-07
1.81818e-07 1.81818e-07 1.81818e-07 1.81818e-07 0.00181836 0.0109093 0.0490911 0.1 0.16 0.196364 0.234546 0.256364 0.230909 0.210909 0.205455 0.192727 0.130909 0.0963638 0.0545456 0.0290911 0.018182 0.0109093 0.00545473 0.00181836 1.81818e-07 1.81818e-07 1.81818e-07 1.81818e-07
1.81818e-07 1.81818e-07 1.81818e-07 1.81818e-07 1.81818e-07 0.00181836 0.00545473 0.00909109 0.0127274 0.0145456 0.0236365 0.0345456 0.0454547 0.0472729 0.0436365 0.0345456 0.0272729 0.0236365 0.0127274 0.00545473 0.00181836 0.00363654 0.00363654 1.81818e-07 1.81818e-07 1.81818e-07 1.81818e-07 1.81818e-07
2.1645e-07 2.1645e-07 2.1645e-07 2.1645e-07 2.1645e-07 2.1645e-07 2.1645e-07 2.1645e-07 2.1645e-07 2.1645e-07 2.1645e-07 2.1645e-07 2.1645e-07 2.1645e-07 2.1645e-07 2.1645e-07 2.1645e-07 2.1645e-07 2.1645e-07 2.1645e-07 2.1645e-07 2.1645e-07 2.1645e-07 2.1645e-07 2.1645e-07 2.1645e-07 2.1645e-07 2.1645e-07
2.1645e-07 2.1645e-07 2.1645e-07 2.1645e-07 2.1645e-07 2.1645e-07 2.1645e-07 2.1645e-07 2.1645e-07 2.1645e-07 2.1645e-07 2.1645e-07 2.1645e-07 2.1645e-07 2.1645e-07 2.1645e-07 2.1645e-07 2.1645e-07 2.1645e-07 2.1645e-07 2.1645e-07 2.1645e-07 2.1645e-07 2.1645e-07 2.1645e-07 2.1645e-07 2.1645e-07 2.1645e-07
2.1645e-07 2.1645e-07 2.1645e-07 2.1645e-07 2.1645e-07 2.1645e-07 2.1645e-07 2.1645e-07 2.1645e-07 2.1645e-07 2.1645e-07 2.1645e-07 2.1645e-07 2.1645e-07 2.1645e-07 2.1645e-07 2.1645e-07 2.1645e-07 2.1645e-07 2.1645e-07 2.1645e-07 2.1645e-07 2.1645e-07 2.1645e-07 2.1645e-07 2.1645e-07 2.1645e-07 2.1645e-07
2.1645e-07 2.1645e-07 2.1645e-07 2.1645e-07 2.1645e-07 2.1645e-07 2.1645e-07 2.1645e-07 2.1645e-07 2.1645e-07 0.00216472 0.00216472 0.00432922 0.00649372 0.00649372 0.00865822 0.0108227 0.00865822 0.00865822 0.00432922 0.00216472 2.1645e-07 2.1645e-07 2.1645e-07 2.1645e-07 2.1645e-07 2.1645e-07 2.1645e-07
2.1645e-07 2.1645e-07 2.1645e-07 2.1645e-07 2.1645e-07 0.00216472 2.1645e-07 0.00216472 0.00432922 0.00865822 0.0173162 0.0432902 0.0822513 0.121212 0.170996 0.214286 0.229437 0.225108 0.188312 0.136364 0.0909093 0.0432902 0.0173162 0.00865822 0.00216472 2.1645e-07 2.1645e-07 2.1645e-07
2.1645e-07 2.1645e-07 2.1645e-07 2.1645e-07 2.1645e-07 2.1645e-07 0.00216472 0.00649372 0.0194807 0.0757578 0.158009 0.298701 0.411255 0.554113 0.679654 0.768398 0.798701 0.742424 0.640693 0.495671 0.34632 0.227273 0.119048 0.0562772 0.0259742 0.00649372 0.00432922 2.1645e-07
2.1645e-07 2.1645e-07 2.1645e-07 2.1645e-07 0.00216472 2.1645e-07 0.0108227 0.0346322 0.108225 0.229437 0.374459 0.541126 0.681818 0.820346 0.885281 0.88961 0.88961 0.850649 0.785714 0.660173 0.517316 0.372294 0.229437 0.121212 0.0584417 0.0151517 0.00865822 0.00432922
2.1645e-07 2.1645e-07 2.1645e-07 2.1645e-07 0.00216472 0.00865822 0.0281387 0.103896 0.21645 0.380952 0.530303 0.679654 0.757576 0.82684 0.82684 0.807359 0.774892 0.764069 0.746753 0.679654 0.573593 0.448052 0.313853 0.183983 0.0865803 0.0238097 0.0108227 0.00432922
2.1645e-07 2.1645e-07 2.1645e-07 2.1645e-07 0.00432922 0.0238097 0.0692643 0.151515 0.292208 0.480519 0.636364 0.718615 0.748918 0.690476 0.61039 0.54329 0.532468 0.5671 0.634199 0.634199 0.58658 0.502165 0.396104 0.225108 0.112554 0.0324677 0.0108227 0.00216472
2.1645e-07 2.1645e-07 2.1645e-07 2.1645e-07 0.0129872 0.0367967 0.0974028 0.17316 0.324675 0.506494 0.65368 0.683983 0.645022 0.530303 0.422078 0.333333 0.393939 0.506494 0.627706 0.670996 0.645022 0.525974 0.383117 0.24026 0.116883 0.0346322 0.00216472 2.1645e-07
2.1645e-07 2.1645e-07 2.1645e-07 2.1645e-07 0.0129872 0.0476192 0.0909093 0.199134 0.298701 0.493506 0.636364 0.677489 0.623377 0.474026 0.367965 0.333333 0.441558 0.569264 0.703463 0.712121 0.664502 0.489177 0.30303 0.181818 0.0779223 0.0129872 0.00216472 2.1645e-07
2.1645e-07 2.1645e-07 2.1645e-07 2.1645e-07 0.0129872 0.0476192 0.0930738 0.188312 0.287879 0.4329 0.601732 0.679654 0.666667 0.573593 0.4329 0.469697 0.599567 0.74026 0.764069 0.694805 0.547619 0.363636 0.201299 0.0930738 0.0303032 0.0108227 0.00216472 0.00216472
2.1645e-07 2.1645e-07 2.1645e-07 2.1645e-07 0.0108227 0.0367967 0.0844158 0.145022 0.246753 0.396104 0.541126 0.690476 0.738095 0.686147 0.623377 0.705628 0.796537 0.822511 0.703463 0.551948 0.378788 0.205628 0.101732 0.0367967 0.0238097 0.00649372 0.00216472 0.00216472
2.1645e-07 2.1645e-07 2.1645e-07 2.1645e-07 0.00865822 0.0259742 0.0584417 0.119048 0.201299 0.320346 0.465368 0.688312 0.835498 0.854978 0.837662 0.865801 0.902597 0.792208 0.558442 0.354978 0.19697 0.103896 0.0584417 0.0281387 0.0151517 0.00649372 2.1645e-07 2.1645e-07
2.1645e-07 2.1645e-07 2.1645e-07 2.1645e-07 2.1645e-07 0.0173162 0.0389612 0.0844158 0.155844 0.253247 0.4329 0.683983 0.883117 0.924242 0.939394 0.950216 0.893939 0.677489 0.422078 0.214286 0.112554 0.0606063 0.0324677 0.0194807 0.0108227 0.00216472 2.1645e-07 2.1645e-07
2.1645e-07 2.1645e-07 2.1645e-07 2.1645e-07 2.1645e-07 0.00865822 0.0281387 0.0562772 0.114719 0.253247 0.471861 0.744589 0.898268 0.950216 0.935065 0.917749 0.785714 0.551948 0.344156 0.175325 0.106061 0.0519482 0.0238097 0.0216452 0.0108227 2.1645e-07 2.1645e-07 2.1645e-07
2.1645e-07 2.1645e-07 2.1645e-07 2.1645e-07 0.00216472 0.0129872 0.0303032 0.0649353 0.151515 0.363636 0.603896 0.811688 0.880952 0.88961 0.837662 0.805195 0.712121 0.528139 0.357143 0.207792 0.116883 0.0714288 0.0303032 0.0194807 0.0108227 2.1645e-07 2.1645e-07 2.1645e-07
2.1645e-07 2.1645e-07 2.1645e-07 2.1645e-07 0.00432922 0.0151517 0.0454547 0.140693 0.279221 0.515152 0.746753 0.831169 0.78355 0.709957 0.686147 0.662338 0.640693 0.532468 0.372294 0.246753 0.140693 0.0865803 0.0541127 0.0281387 0.0108227 2.1645e-07 2.1645e-07 2.1645e-07
2.1645e-07 2.1645e-07 2.1645e-07 2.1645e-07 0.00432922 0.0303032 0.0930738 0.238095 0.415584 0.647186 0.757576 0.75974 0.651515 0.551948 0.52381 0.590909 0.584416 0.525974 0.393939 0.264069 0.186147 0.108225 0.0649353 0.0324677 0.0108227 2.1645e-07 2.1645e-07 2.1645e-07
2.1645e-07 2.1645e-07 2.1645e-07 2.1645e-07 0.00432922 0.0562772 0.140693 0.320346 0.497835 0.681818 0.74026 0.62987 0.491342 0.454545 0.471861 0.538961 0.558442 0.512987 0.4329 0.305195 0.188312 0.116883 0.0606063 0.0303032 0.00865822 2.1645e-07 2.1645e-07 2.1645e-07
2.1645e-07 2.1645e-07 2.1645e-07 2.1645e-07 0.00649372 0.0714288 0.205628 0.372294 0.558442 0.720779 0.666667 0.584416 0.484848 0.484848 0.534632 0.545455 0.571429 0.554113 0.45671 0.322511 0.192641 0.116883 0.0519482 0.0259742 0.00649372 2.1645e-07 2.1645e-07 2.1645e-07
2.1645e-07 2.1645e-07 2.1645e-07 2.1645e-07 0.00865822 0.0844158 0.205628 0.380952 0.5671 0.677489 0.709957 0.690476 0.666667 0.677489 0.683983 0.645022 0.612554 0.541126 0.419913 0.30303 0.17316 0.0930738 0.0476192 0.0216452 0.00432922 2.1645e-07 2.1645e-07 2.1645e-07
2.1645e-07 2.1645e-07 2.1645e-07 2.1645e-07 0.00432922 0.0735933 0.181818 0.348485 0.512987 0.662338 0.80303 0.850649 0.878788 0.854978 0.794372 0.705628 0.590909 0.495671 0.380952 0.244589 0.132035 0.0584417 0.0411257 0.0129872 0.00432922 2.1645e-07 2.1645e-07 2.1645e-07
2.1645e-07 2.1645e-07 2.1645e-07 2.1645e-07 2.1645e-07 0.0476192 0.134199 0.255411 0.402597 0.551948 0.705628 0.82684 0.874459 0.854978 0.748918 0.616883 0.493506 0.391775 0.257576 0.151515 0.0627708 0.0324677 0.0216452 0.00432922 0.00216472 2.1645e-07 2.1645e-07 2.1645e-07
2.1645e-07 2.1645e-07 2.1645e-07 2.1645e-07 2.1645e-07 0.0151517 0.0627708 0.119048 0.203463 0.292208 0.396104 0.47619 0.519481 0.506494 0.439394 0.357143 0.274892 0.205628 0.123377 0.0670998 0.0346322 0.0216452 0.00432922 2.1645e-07 2.1645e-07 2.1645e-07 2.1645e-07 2.1645e-07
2.1645e-07 2.1645e-07 2.1645e-07 2.1645e-07 2.1645e-07 2.1645e-07 2.1645e-07 0.00649372 0.00865822 0.0129872 0.0194807 0.0303032 0.0411257 0.0476192 0.0476192 0.0367967 0.0259742 0.0151517 0.0129872 0.0108227 0.00432922 2.1645e-07 2.1645e-07 2.1645e-07 2.1645e-07 2.1645e-07 2.1645e-07 2.1645e-07
2.1645e-07 2.1645e-07 2.1645e-07 2.1645e-07 2.1645e-07 2.1645e-07 2.1645e-07 2.1645e-07 2.1645e-07 2.1645e-07 2.1645e-07 2.1645e-07 2.1645e-07 2.1645e-07 2.1645e-07 2.1645e-07 2.1645e-07 2.1645e-07 2.1645e-07 2.1645e-07 2.1645e-07 0.00216472 0.00216472 0.00216472 2.1645e-07 2.1645e-07 2.1645e-07 2.1645e-07
2.1645e-07 2.1645e-07 2.1645e-07 2.1645e-07 2.1645e-07 2.1645e-07 2.1645e-07 2.1645e-07 2.1645e-07 2.1645e-07 2.1645e-07 2.1645e-07 2.1645e-07 2.1645e-07 2.1645e-07 2.1645e-07 2.1645e-07 2.1645e-07 2.1645e-07 2.1645e-07 2.1645e-07 2.1645e-07 2.1645e-07 2.1645e-07 2.1645e-07 2.1645e-07 2.1645e-07 2.1645e-07
2.0202e-07 2.0202e-07 2.0202e-07 2.0202e-07 2.0202e-07 2.0202e-07 2.0202e-07 2.0202e-07 2.0202e-07 2.0202e-07 2.0202e-07 2.0202e-07 2.0202e-07 2.0202e-07 2.0202e-07 2.0202e-07 2.0202e-07 2.0202e-07 2.0202e-07 2.0202e-07 2.0202e-07 2.0202e-07 2.0202e-07 2.0202e-07 2.0202e-07 2.0202e-07 2.0202e-07 2.0202e-07
2.0202e-07 2.0202e-07 2.0202e-07 2.0202e-07 2.0202e-07 2.0202e-07 2.0202e-07 2.0202e-07 2.0202e-07 2.0202e-07 2.0202e-07 2.0202e-07 2.0202e-07 2.0202e-07 2.0202e-07 2.0202e-07 2.0202e-07 2.0202e-07 2.0202e-07 2.0202e-07 2.0202e-07 2.0202e-07 2.0202e-07 2.0202e-07 2.0202e-07 2.0202e-07 2.0202e-07 2.0202e-07
2.0202e-07 2.0202e-07 2.0202e-07 2.0202e-07 2.0202e-07 2.0202e-07 2.0202e-07 2.0202e-07 2.0202e-07 2.0202e-07 2.0202e-07 2.0202e-07 2.0202e-07 2.0202e-07 2.0202e-07 2.0202e-07 2.0202e-07 2.0202e-07 2.0202e-07 2.0202e-07 2.0202e-07 2.0202e-07 2.0202e-07 2.0202e-07 2.0202e-07 2.0202e-07 2.0202e-07 2.0202e-07
2.0202e-07 2.0202e-07 2.0202e-07 2.0202e-07 2.0202e-07 2.0202e-07 2.0202e-07 2.0202e-07 2.0202e-07 2.0202e-07 2.0202e-07 2.0202e-07 2.0202e-07 2.0202e-07 2.0202e-07 2.0202e-07 2.0202e-07 2.0202e-07 2.0202e-07 2.0202e-07 2.0202e-07 2.0202e-07 2.0202e-07 2.0202e-07 2.0202e-07 2.0202e-07 2.0202e-07 2.0202e-07
2.0202e-07 2.0202e-07 2.0202e-07 2.0202e-07 2.0202e-07 2.0202e-07 2.0202e-07 2.0202e-07 2.0202e-07 2.0202e-07 0.0020204 0.0040406 0.00606081 0.00606081 0.00606081 0.00606081 0.00606081 0.0020204 2.0202e-07 2.0202e-07 2.0202e-07 2.0202e-07 2.0202e-07 2.0202e-07 2.0202e-07 2.0202e-07 2.0202e-07 2.0202e-07
2.0202e-07 2.0202e-07 2.0202e-07 2.0202e-07 2.0202e-07 2.0202e-07 2.0202e-07 2.0202e-07 2.0202e-07 0.0020204 0.0101012 0.0262628 0.038384 0.0404042 0.0505052 0.058586 0.0464648 0.0404042 0.0242426 0.0141416 0.0121214 0.0020204 2.0202e-07 2.0202e-07 2.0202e-07 2.0202e-07 2.0202e-07 2.0202e-07
2.0202e-07 2.0202e-07 2.0202e-07 2.0202e-07 2.0202e-07 2.0202e-07 0.0040406 0.00808101 0.0202022 0.0606062 0.119192 0.191919 0.343434 0.486869 0.579798 0.612121 0.587879 0.49697 0.373737 0.258586 0.149495 0.0606062 0.00606081 0.0020204 2.0202e-07 2.0202e-07 2.0202e-07 2.0202e-07
2.0202e-07 2.0202e-07 2.0202e-07 2.0202e-07 2.0202e-07 0.0040406 0.0121214 0.038384 0.0848487 0.183839 0.323232 0.519192 0.739394 0.862626 0.943434 0.939394 0.913131 0.830303 0.658586 0.476768 0.29899 0.139394 0.0404042 0.0161618 0.0040406 2.0202e-07 2.0202e-07 2.0202e-07
2.0202e-07 2.0202e-07 2.0202e-07 2.0202e-07 0.0040406 0.0121214 0.0464648 0.105051 0.185859 0.357576 0.589899 0.818182 0.913131 0.915151 0.888889 0.836364 0.830303 0.836364 0.755555 0.60404 0.39798 0.210101 0.0828285 0.0202022 0.0040406 2.0202e-07 2.0202e-07 2.0202e-07
2.0202e-07 2.0202e-07 2.0202e-07 2.0202e-07 0.00808101 0.038384 0.0868689 0.175758 0.333333 0.575758 0.80202 0.872727 0.836364 0.682828 0.585859 0.527273 0.6 0.69899 0.735353 0.648485 0.442424 0.228283 0.0989901 0.0303032 0.0020204 2.0202e-07 2.0202e-07 2.0202e-07
2.0202e-07 2.0202e-07 2.0202e-07 2.0202e-07 0.0141416 0.068687 0.121212 0.262626 0.468687 0.763636 0.816161 0.789899 0.60202 0.379798 0.232323 0.278788 0.442424 0.666667 0.753535 0.713131 0.488889 0.248485 0.113131 0.0303032 0.00606081 2.0202e-07 2.0202e-07 2.0202e-07
2.0202e-07 2.0202e-07 2.0202e-07 2.0202e-07 0.0242426 0.0909093 0.167677 0.353535 0.59596 0.787879 0.763636 0.620202 0.343434 0.171717 0.163636 0.30303 0.547475 0.773737 0.826262 0.723232 0.486869 0.244445 0.0929295 0.0161618 0.0040406 0.0020204 2.0202e-07 2.0202e-07
2.0202e-07 2.0202e-07 2.0202e-07 0.0040406 0.0303032 0.0989901 0.214142 0.446465 0.642424 0.773737 0.723232 0.450505 0.284849 0.220202 0.315152 0.513131 0.745454 0.882828 0.846465 0.713131 0.430303 0.204041 0.048485 0.0101012 0.0020204 0.0020204 2.0202e-07 2.0202e-07
2.0202e-07 2.0202e-07 2.0202e-07 0.00808101 0.0363638 0.0989901 0.222222 0.476768 0.652525 0.757576 0.680808 0.490909 0.408081 0.470707 0.571717 0.741414 0.864646 0.935353 0.842424 0.624242 0.337374 0.125253 0.0424244 0.0040406 0.0020204 0.0020204 0.0020204 2.0202e-07
2.0202e-07 2.0202e-07 2.0202e-07 0.00808101 0.0323234 0.0969699 0.206061 0.426263 0.612121 0.709091 0.709091 0.638384 0.636364 0.664646 0.751515 0.842424 0.925252 0.943434 0.787879 0.50303 0.228283 0.0949497 0.0343436 0.00606081 2.0202e-07 0.0020204 0.0020204 2.0202e-07
2.0202e-07 2.0202e-07 2.0202e-07 0.00606081 0.0242426 0.0868689 0.167677 0.347475 0.531313 0.624242 0.678788 0.688889 0.694949 0.709091 0.773737 0.866667 0.927273 0.89899 0.680808 0.377778 0.167677 0.058586 0.028283 0.0040406 2.0202e-07 0.0020204 0.0040406 2.0202e-07
2.0202e-07 2.0202e-07 2.0202e-07 0.0040406 0.0141416 0.0505052 0.123232 0.232323 0.381818 0.492929 0.579798 0.59798 0.608081 0.634343 0.70505 0.846465 0.911111 0.80202 0.551515 0.286869 0.121212 0.0545456 0.0161618 0.0020204 2.0202e-07 0.0020204 0.0020204 2.0202e-07
2.0202e-07 2.0202e-07 0.0020204 0.0040406 0.0040406 0.028283 0.0707072 0.131313 0.206061 0.30303 0.373737 0.4 0.424242 0.521212 0.674747 0.812121 0.842424 0.70505 0.444444 0.234344 0.109091 0.0363638 0.0141416 0.00606081 2.0202e-07 2.0202e-07 2.0202e-07 2.0202e-07
2.0202e-07 2.0202e-07 0.0020204 0.0020204 0.0020204 0.0121214 0.0262628 0.0565658 0.10303 0.149495 0.187879 0.226263 0.309091 0.460606 0.666667 0.757576 0.757576 0.581818 0.363636 0.214142 0.0929295 0.0303032 0.0202022 0.0101012 0.0020204 2.0202e-07 2.0202e-07 2.0202e-07
2.0202e-07 2.0202e-07 2.0202e-07 0.0020204 0.0020204 0.0101012 0.0161618 0.0323234 0.0464648 0.0606062 0.115152 0.179798 0.288889 0.468687 0.618182 0.664646 0.630303 0.458586 0.29899 0.187879 0.0969699 0.0262628 0.0202022 0.00808101 0.00606081 2.0202e-07 2.0202e-07 2.0202e-07
2.0202e-07 2.0202e-07 2.0202e-07 0.0020204 0.0020204 0.0040406 0.0161618 0.018182 0.0242426 0.0626264 0.0989901 0.181818 0.347475 0.507071 0.585859 0.581818 0.505051 0.39596 0.260606 0.169697 0.0949497 0.0363638 0.0202022 0.00808101 0.00606081 2.0202e-07 2.0202e-07 2.0202e-07
2.0202e-07 2.0202e-07 2.0202e-07 2.0202e-07 0.0020204 0.0040406 0.0121214 0.0222224 0.0404042 0.0828285 0.161616 0.280808 0.406061 0.49899 0.549495 0.527273 0.450505 0.313131 0.242424 0.161616 0.0969699 0.0505052 0.0202022 0.00808101 0.00606081 2.0202e-07 2.0202e-07 2.0202e-07
2.0202e-07 2.0202e-07 2.0202e-07 2.0202e-07 2.0202e-07 0.0020204 0.0141416 0.0323234 0.068687 0.129293 0.222222 0.335354 0.444444 0.488889 0.492929 0.442424 0.367677 0.290909 0.236364 0.173738 0.109091 0.0545456 0.0202022 0.00808101 0.00606081 2.0202e-07 2.0202e-07 2.0202e-07
2.0202e-07 2.0202e-07 2.0202e-07 2.0202e-07 0.0020204 0.0040406 0.0161618 0.0545456 0.105051 0.173738 0.284849 0.353535 0.426263 0.438384 0.428283 0.383838 0.321212 0.276768 0.236364 0.161616 0.119192 0.0606062 0.0262628 0.0121214 0.0040406 2.0202e-07 2.0202e-07 2.0202e-07
2.0202e-07 2.0202e-07 2.0202e-07 2.0202e-07 0.0040406 0.0101012 0.0262628 0.0666668 0.123232 0.20202 0.29495 0.349495 0.385859 0.369697 0.351515 0.325253 0.286869 0.248485 0.222222 0.149495 0.10101 0.0626264 0.0323234 0.0141416 0.0020204 2.0202e-07 2.0202e-07 2.0202e-07
2.0202e-07 2.0202e-07 2.0202e-07 2.0202e-07 0.0020204 0.0121214 0.0323234 0.0707072 0.125253 0.187879 0.256566 0.29495 0.29495 0.284849 0.268687 0.246465 0.230303 0.204041 0.173738 0.107071 0.0808083 0.0525254 0.0262628 0.00808101 0.0040406 2.0202e-07 2.0202e-07 2.0202e-07
2.0202e-07 2.0202e-07 2.0202e-07 0.0020204 0.0040406 0.00606081 0.0121214 0.0242426 0.0444446 0.0606062 0.0727274 0.078788 0.0828285 0.078788 0.0848487 0.0747476 0.068687 0.0626264 0.0505052 0.0262628 0.0202022 0.0141416 0.00606081 0.0020204 2.0202e-07 2.0202e-07 2.0202e-07 2.0202e-07
2.0202e-07 2.0202e-07 2.0202e-07 2.0202e-07 2.0202e-07 2.0202e-07 2.0202e-07 2.0202e-07 2.0202e-07 2.0202e-07 2.0202e-07 2.0202e-07 0.0020204 0.0020204 0.0040406 0.0020204 0.0020204 2.0202e-07 0.0020204 0.0040406 0.0020204 2.0202e-07 2.0202e-07 2.0202e-07 2.0202e-07 2.0202e-07 2.0202e-07 2.0202e-07
